2.24125	0	0.114036
2.3493	0.114036	0.101545
2.35245	0.101545	0.101348
2.35457	0.101348	0.100713
2.35542	0.100713	0.100797
2.37303	0.100797	0.118095
2.37603	0.118095	0.104351
2.38817	0.104351	0.101545
2.39195	0.101545	0.100836
2.39346	0.100836	0.10074
2.39429	0.10074	0.100797
2.4119	0.100797	0.118095
2.4149	0.118095	0.104351
2.42703	0.104351	0.101545
2.43081	0.101545	0.100836
2.4323	0.100836	0.100713
2.43316	0.100713	0.100797
2.45844	0.100797	0.125914
2.48787	0.125914	0.114839
2.49344	0.114839	0.10066
2.49429	0.10066	0.101097
2.5176	0.101097	0.102575
2.51866	0.102575	0.101026
2.51958	0.101026	0.101508
2.52693	0.101508	0.108635
2.53327	0.108635	0.103492
2.53581	0.103492	0.101102
2.53672	0.101102	0.10164
2.54407	0.10164	0.108801
2.54895	0.108801	0.102303
2.55107	0.102303	0.102267
2.55226	0.102267	0.102535
2.55314	0.102535	0.103047
2.56049	0.103047	0.110207
2.58943	0.110207	0.101561
2.59154	0.101561	0.101532
2.5927	0.101532	0.101776
2.59361	0.101776	0.102316
2.60096	0.102316	0.109477
2.60689	0.109477	0.102362
2.6083	0.102362	0.10265
2.60924	0.10265	0.103073
2.61006	0.103073	0.103671
2.62631	0.103671	0.101283
2.6274	0.101283	0.101759
2.62825	0.101759	0.102308
2.63963	0.102308	0.107124
2.64239	0.107124	0.102049
2.6434	0.102049	0.10249
2.64427	0.10249	0.103078
2.65762	0.103078	0.104956
2.65862	0.104956	0.102624
2.65951	0.102624	0.103169
2.67089	0.103169	0.107928
2.67281	0.107928	0.103609
2.67429	0.103609	0.10399
2.6753	0.10399	0.104468
2.67617	0.104468	0.105075
2.68913	0.105075	0.106492
2.69073	0.106492	0.106428
2.69188	0.106428	0.106942
2.69277	0.106942	0.107507
2.70422	0.107507	0.112775
2.70695	0.112775	0.110521
2.70796	0.110521	0.111182
2.70883	0.111182	0.111878
2.72037	0.111878	0.116654
2.72253	0.116654	0.117595
2.72374	0.117595	0.118263
2.7247	0.118263	0.118985
2.73209	0.118985	0.126246
2.73883	0.126246	0.125584
2.73995	0.125584	0.126369
2.74085	0.126369	0.12709
2.75052	0.12709	0.133471
2.75379	0.133471	0.133858
2.75537	0.133858	0.134551
2.75649	0.134551	0.135336
2.75736	0.135336	0.136031
2.76876	0.136031	0.144147
2.77153	0.144147	0.143216
2.77248	0.143216	0.143764
2.77333	0.143764	0.144473
2.78419	0.144473	0.150608
2.78754	0.150608	0.15209
2.78782	0.15209	0.152152
2.78895	0.152152	0.152959
2.78984	0.152959	0.15367
2.79955	0.15367	0.160186
2.80364	0.160186	0.161062
2.80477	0.161062	0.161518
2.80579	0.161518	0.162296
2.81721	0.162296	0.170628
2.81913	0.170628	0.169458
2.82062	0.169458	0.170409
2.8216	0.170409	0.171117
2.82245	0.171117	0.171843
2.83335	0.171843	0.178194
2.83611	0.178194	0.177503
2.83747	0.177503	0.178335
2.83837	0.178335	0.179078
2.85138	0.179078	0.186329
2.85297	0.186329	0.187093
2.85411	0.187093	0.187913
2.85501	0.187913	0.188659
2.8647	0.188659	0.195274
2.86833	0.195274	0.195811
2.86992	0.195811	0.196743
2.87087	0.196743	0.197492
2.87825	0.197492	0.204764
2.88485	0.204764	0.20504
2.88609	0.20504	0.205835
2.88708	0.205835	0.206632
2.89452	0.206632	0.213952
2.90037	0.213952	0.214526
2.90191	0.214526	0.214859
2.90307	0.214859	0.215706
2.90399	0.215706	0.216476
2.91546	0.216476	0.224934
2.91825	0.224934	0.224314
2.9193	0.224314	0.225117
2.9202	0.225117	0.225901
2.93113	0.225901	0.23264
2.9339	0.23264	0.228902
2.93512	0.228902	0.229771
2.93609	0.229771	0.230587
2.9437	0.230587	0.23811
2.94995	0.23811	0.23948
2.95764	0.23948	0.246594
2.95974	0.246594	0.238623
2.96099	0.238623	0.239526
2.96198	0.239526	0.240369
2.96941	0.240369	0.247716
2.98168	0.247716	0.249583
2.98707	0.249583	0.248239
2.99134	0.248239	0.250208
2.99243	0.250208	0.25093
2.99664	0.25093	0.25287
3.0002	0.25287	0.2486
3.00161	0.2486	0.249494
3.01406	0.249494	0.258104
3.01577	0.258104	0.258902
3.02367	0.258902	0.252846
3.02519	0.252846	0.253998
3.02623	0.253998	0.254867
3.02713	0.254867	0.255683
3.03668	0.255683	0.251969
3.03821	0.251969	0.25269
3.04583	0.25269	0.259945
3.05228	0.259945	0.264379
3.05553	0.264379	0.255003
3.05689	0.255003	0.255856
3.0687	0.255856	0.264702
3.07083	0.264702	0.265562
3.07691	0.265562	0.261124
3.07888	0.261124	0.261133
3.0867	0.261133	0.268336
3.09918	0.268336	0.264874
3.10109	0.264874	0.265674
3.10232	0.265674	0.266609
3.10328	0.266609	0.267454
3.11645	0.267454	0.270927
3.1175	0.270927	0.266044
3.12509	0.266044	0.26039
3.12612	0.26039	0.25915
3.12714	0.25915	0.260006
3.12802	0.260006	0.260802
3.14146	0.260802	0.256529
3.14862	0.256529	0.252031
3.14987	0.252031	0.25299
3.15088	0.25299	0.250476
3.16405	0.250476	0.250053
3.1649	0.250053	0.248698
3.16606	0.248698	0.249656
3.16696	0.249656	0.250458
3.18081	0.250458	0.248531
3.18205	0.248531	0.249491
3.18307	0.249491	0.250386
3.19048	0.250386	0.256578
3.1971	0.256578	0.251209
3.19826	0.251209	0.252167
3.19916	0.252167	0.252969
3.21205	0.252969	0.254176
3.21828	0.254176	0.258472
3.23585	0.258472	0.253078
3.23667	0.253078	0.251708
3.23785	0.251708	0.252691
3.2388	0.252691	0.253543
3.24652	0.253543	0.25518
3.25658	0.25518	0.259945
3.26524	0.259945	0.253621
3.26709	0.253621	0.25245
3.26827	0.25245	0.253432
3.2692	0.253432	0.254259
3.28156	0.254259	0.26467
3.28304	0.26467	0.264051
3.30783	0.264051	0.269624
3.31613	0.269624	0.268183
3.31686	0.268183	0.268351
3.32427	0.268351	0.275688
3.32947	0.275688	0.275651
3.33165	0.275651	0.27718
3.33289	0.27718	0.278141
3.33389	0.278141	0.279009
3.34742	0.279009	0.278717
3.35389	0.278717	0.283356
3.35575	0.283356	0.284618
3.3633	0.284618	0.291895
3.37092	0.291895	0.284222
3.374	0.284222	0.286151
3.37518	0.286151	0.287133
3.37611	0.287133	0.28796
3.38875	0.28796	0.289566
3.39152	0.289566	0.291118
3.39274	0.291118	0.292053
3.4004	0.292053	0.283948
3.4087	0.283948	0.283099
3.41637	0.283099	0.275441
3.4248	0.275441	0.279964
3.42583	0.279964	0.280571
3.42673	0.280571	0.281373
3.43647	0.281373	0.289161
3.43841	0.289161	0.27432
3.44584	0.27432	0.281661
3.45204	0.281661	0.284256
3.45343	0.284256	0.285047
3.4545	0.285047	0.28034
3.46678	0.28034	0.284076
3.46845	0.284076	0.283529
3.47597	0.283529	0.278869
3.47697	0.278869	0.265564
3.48235	0.265564	0.267331
3.48514	0.267331	0.266231
3.48638	0.266231	0.26719
3.49706	0.26719	0.260878
3.50114	0.260878	0.262859
3.50239	0.262859	0.263818
3.50338	0.263818	0.264687
3.51484	0.264687	0.274179
3.53327	0.274179	0.268035
3.55251	0.268035	0.285269
3.55388	0.285269	0.284209
3.5648	0.284209	0.282188
3.56765	0.282188	0.283898
3.56889	0.283898	0.284857
3.57641	0.284857	0.2822
3.58691	0.2822	0.276626
3.59024	0.276626	0.278253
3.59188	0.278253	0.279368
3.59306	0.279368	0.28035
3.59399	0.28035	0.281176
3.60377	0.281176	0.289015
3.60741	0.289015	0.290688
3.61742	0.290688	0.293154
3.62101	0.293154	0.294804
3.62251	0.294804	0.295952
3.63003	0.295952	0.298383
3.64826	0.298383	0.30084
3.64974	0.30084	0.28592
3.65074	0.28592	0.286789
3.65187	0.286789	0.280948
3.66959	0.280948	0.283476
3.67057	0.283476	0.281546
3.67173	0.281546	0.282501
3.67265	0.282501	0.283328
3.68241	0.283328	0.290889
3.68678	0.290889	0.286295
3.68781	0.286295	0.286
3.68886	0.286	0.286879
3.68976	0.286879	0.2877
3.70274	0.2877	0.286376
3.70984	0.286376	0.291302
3.71732	0.291302	0.286013
3.73669	0.286013	0.298281
3.73953	0.298281	0.287493
3.74087	0.287493	0.287919
3.74854	0.287919	0.281759
3.75521	0.281759	0.284512
3.75641	0.284512	0.285348
3.75788	0.285348	0.281908
3.7775	0.281908	0.292361
3.78966	0.292361	0.291319
3.79116	0.291319	0.290771
3.79241	0.290771	0.29173
3.79343	0.29173	0.292626
3.80674	0.292626	0.291407
3.80756	0.291407	0.290038
3.83302	0.290038	0.299747
3.84358	0.299747	0.29016
3.84572	0.29016	0.291052
3.84688	0.291052	0.29201
3.84778	0.29201	0.292812
3.855	0.292812	0.290198
3.86124	0.290198	0.294591
3.86286	0.294591	0.295683
3.8761	0.295683	0.299641
3.87676	0.299641	0.298227
3.87828	0.298227	0.291127
3.87927	0.291127	0.291996
3.8867	0.291996	0.299357
3.89284	0.299357	0.300914
3.89423	0.300914	0.301171
3.8953	0.301171	0.301305
3.90669	0.301305	0.299283
3.90898	0.299283	0.299522
3.92635	0.299522	0.3037
3.92721	0.3037	0.304256
3.93433	0.304256	0.286067
3.94083	0.286067	0.290512
3.94234	0.290512	0.291684
3.94346	0.291684	0.292603
3.94933	0.292603	0.296501
3.9513	0.296501	0.29651
3.95224	0.29651	0.282625
3.96515	0.282625	0.292159
3.97274	0.292159	0.29033
3.97838	0.29033	0.292387
3.99068	0.292387	0.287938
3.9923	0.287938	0.287391
3.99348	0.287391	0.288373
3.99441	0.288373	0.289199
4.01653	0.289199	0.299213
4.02359	0.299213	0.28487
4.03114	0.28487	0.291802
4.03831	0.291802	0.294497
4.04326	0.294497	0.296094
4.04544	0.296094	0.297623
4.04682	0.297623	0.291612
4.05506	0.291612	0.287185
4.07593	0.287185	0.291735
4.07757	0.291735	0.29285
4.07875	0.29285	0.293832
4.07968	0.293832	0.294658
4.08745	0.294658	0.2977
4.09414	0.2977	0.300391
4.09523	0.300391	0.301148
4.09614	0.301148	0.30195
4.10863	0.30195	0.299888
4.11013	0.299888	0.299341
4.11167	0.299341	0.278409
4.12255	0.278409	0.286391
4.125	0.286391	0.287837
4.12642	0.287837	0.288836
4.13283	0.288836	0.289161
4.13479	0.289161	0.289979
4.13603	0.289979	0.290939
4.1436	0.290939	0.286656
4.14478	0.286656	0.287437
4.1523	0.287437	0.291059
4.16034	0.291059	0.281889
4.16139	0.281889	0.282471
4.17276	0.282471	0.279921
4.17528	0.279921	0.280248
4.17646	0.280248	0.28123
4.17745	0.28123	0.282095
4.18878	0.282095	0.280186
4.20181	0.280186	0.273564
4.20328	0.273564	0.272953
4.2045	0.272953	0.273888
4.20547	0.273888	0.274733
4.22181	0.274733	0.270509
4.2296	0.270509	0.267361
4.23092	0.267361	0.265325
4.23191	0.265325	0.266194
4.23458	0.266194	0.256193
4.24107	0.256193	0.26094
4.24518	0.26094	0.254499
4.24621	0.254499	0.254544
4.24712	0.254544	0.255346
4.2612	0.255346	0.242451
4.26239	0.242451	0.243434
4.26334	0.243434	0.244286
4.27307	0.244286	0.252072
4.27641	0.252072	0.253699
4.27804	0.253699	0.254814
4.27918	0.254814	0.255704
4.29236	0.255704	0.260897
4.29385	0.260897	0.26031
4.2951	0.26031	0.26127
4.31031	0.26127	0.269452
4.31537	0.269452	0.270664
4.31772	0.270664	0.271777
4.32829	0.271777	0.272141
4.33986	0.272141	0.261941
4.34343	0.261941	0.263125
4.3444	0.263125	0.26397
4.35181	0.26397	0.271307
4.35675	0.271307	0.272903
4.36181	0.272903	0.274936
4.36461	0.274936	0.25598
4.37764	0.25598	0.265977
4.37993	0.265977	0.267115
4.38111	0.267115	0.2681
4.38852	0.2681	0.265945
4.39423	0.265945	0.26804
4.40216	0.26804	0.266129
4.4036	0.266129	0.260003
4.41665	0.260003	0.264346
4.42288	0.264346	0.26862
4.42446	0.26862	0.264115
4.42572	0.264115	0.265119
4.42662	0.265119	0.265939
4.44346	0.265939	0.282757
4.44787	0.282757	0.272597
4.45568	0.272597	0.275749
4.45672	0.275749	0.276628
4.45763	0.276628	0.277449
4.46895	0.277449	0.278276
4.47345	0.278276	0.270837
4.47484	0.270837	0.271628
4.47602	0.271628	0.272639
4.47692	0.272639	0.27346
4.5039	0.27346	0.282086
4.50575	0.282086	0.27857
4.50697	0.27857	0.279502
4.50796	0.279502	0.280371
4.51539	0.280371	0.28579
4.52178	0.28579	0.2882
4.53004	0.2882	0.288967
4.53877	0.288967	0.284006
4.53967	0.284006	0.284827
4.55059	0.284827	0.292871
4.55339	0.292871	0.291553
4.56126	0.291553	0.288183
4.56777	0.288183	0.290581
4.57541	0.290581	0.286231
4.5822	0.286231	0.287965
4.58359	0.287965	0.288755
4.58463	0.288755	0.289634
4.5975	0.289634	0.285075
4.59901	0.285075	0.284526
4.60025	0.284526	0.285434
4.60409	0.285434	0.275646
4.60571	0.275646	0.276737
4.60689	0.276737	0.277722
4.62612	0.277722	0.282268
4.63185	0.282268	0.284394
4.64731	0.284394	0.284876
4.6488	0.284876	0.284289
4.67327	0.284289	0.295623
4.67431	0.295623	0.296478
4.67521	0.296478	0.297299
4.68703	0.297299	0.306235
4.68916	0.306235	0.307094
4.69649	0.307094	0.302261
4.7111	0.302261	0.292421
4.71234	0.292421	0.29338
4.71334	0.29338	0.294249
4.7175	0.294249	0.294614
4.72151	0.294614	0.296552
4.73442	0.296552	0.289552
4.73567	0.289552	0.289967
4.73669	0.289967	0.290822
4.73757	0.290822	0.291619
4.74908	0.291619	0.297877
4.76243	0.297877	0.293477
4.76327	0.293477	0.292122
4.76445	0.292122	0.293104
4.77061	0.293104	0.296199
4.77319	0.296199	0.26924
4.78465	0.26924	0.278751
4.78726	0.278751	0.279266
4.78835	0.279266	0.280023
4.78926	0.280023	0.280826
4.79902	0.280826	0.28864
4.8023	0.28864	0.290217
4.80392	0.290217	0.291308
4.80825	0.291308	0.286479
4.81211	0.286479	0.281758
4.84234	0.281758	0.291747
4.84962	0.291747	0.288124
4.8515	0.288124	0.276088
4.85822	0.276088	0.280618
4.85974	0.280618	0.281791
4.86084	0.281791	0.278645
4.86857	0.278645	0.270927
4.86961	0.270927	0.269704
4.87065	0.269704	0.270583
4.88878	0.270583	0.260356
4.8898	0.260356	0.261211
4.89068	0.261211	0.262008
4.90158	0.262008	0.270029
4.9044	0.270029	0.271715
4.91595	0.271715	0.280884
4.91795	0.280884	0.280921
4.91944	0.280921	0.282067
4.92208	0.282067	0.274769
4.92885	0.274769	0.279096
4.94154	0.279096	0.264684
4.94293	0.264684	0.265475
4.94397	0.265475	0.266354
4.94488	0.266354	0.267175
4.9558	0.267175	0.275219
4.95825	0.275219	0.276665
4.96612	0.276665	0.279093
4.97216	0.279093	0.281291
4.97365	0.281291	0.282437
4.97469	0.282437	0.283316
4.98748	0.283316	0.28296
4.99799	0.28296	0.280493
4.99925	0.280493	0.2813
5.00017	0.2813	0.282126
5.00761	0.282126	0.286105
5.01974	0.286105	0.284799
5.02712	0.284799	0.279552
5.02906	0.279552	0.279471
5.03058	0.279471	0.280645
5.03981	0.280645	0.276545
5.04705	0.276545	0.281629
5.0483	0.281629	0.282589
5.04929	0.282589	0.283458
5.0633	0.283458	0.290108
5.0697	0.290108	0.284843
5.07134	0.284843	0.285958
5.07901	0.285958	0.279993
5.08556	0.279993	0.282424
5.08672	0.282424	0.283382
5.08765	0.283382	0.284211
5.0963	0.284211	0.284187
5.10924	0.284187	0.290858
5.1104	0.290858	0.291676
5.11789	0.291676	0.298597
5.12868	0.298597	0.284604
5.13017	0.284604	0.284017
5.13141	0.284017	0.284977
5.13241	0.284977	0.285845
5.13984	0.285845	0.293206
5.16421	0.293206	0.303371
5.17242	0.303371	0.301776
5.1822	0.301776	0.301285
5.18553	0.301285	0.302912
5.18717	0.302912	0.304027
5.2009	0.304027	0.299322
5.20213	0.299322	0.300148
5.20313	0.300148	0.301016
5.21056	0.301016	0.308377
5.21481	0.308377	0.297505
5.22808	0.297505	0.305854
5.23493	0.305854	0.303837
5.23608	0.303837	0.304796
5.25354	0.304796	0.297733
5.25955	0.297733	0.299904
5.26106	0.299904	0.301076
5.26211	0.301076	0.301955
5.27461	0.301955	0.306198
5.27661	0.306198	0.306277
5.27842	0.306277	0.306177
5.2851	0.306177	0.297575
5.28669	0.297575	0.29864
5.28785	0.29864	0.299598
5.28875	0.299598	0.3004
5.28965	0.3004	0.29166
5.2985	0.29166	0.290885
5.30445	0.290885	0.282783
5.30596	0.282783	0.283955
5.30701	0.283955	0.284834
5.32219	0.284834	0.282381
5.32961	0.282381	0.287284
5.33079	0.287284	0.288269
5.34794	0.288269	0.282589
5.3551	0.282589	0.285402
5.36174	0.285402	0.282559
5.36967	0.282559	0.284024
5.37624	0.284024	0.277774
5.3774	0.277774	0.278733
5.38969	0.278733	0.278552
5.39078	0.278552	0.277702
5.3923	0.277702	0.278874
5.39337	0.278874	0.27978
5.39477	0.27978	0.276885
5.4065	0.276885	0.277816
5.40994	0.277816	0.26926
5.41099	0.26926	0.270139
5.4363	0.270139	0.272084
5.44539	0.272084	0.269065
5.4466	0.269065	0.2699
5.44759	0.2699	0.270768
5.45502	0.270768	0.278129
5.45996	0.278129	0.277716
5.46195	0.277716	0.277751
5.46344	0.277751	0.278897
5.46446	0.278897	0.278934
5.4911	0.278934	0.288961
5.5023	0.288961	0.273622
5.50367	0.273622	0.272557
5.50455	0.272557	0.273354
5.52371	0.273354	0.284578
5.52519	0.284578	0.284006
5.52643	0.284006	0.281728
5.52742	0.281728	0.282597
5.53488	0.282597	0.289985
5.54657	0.289985	0.290744
5.54854	0.290744	0.290753
5.55006	0.290753	0.291925
5.56291	0.291925	0.290801
5.56443	0.290801	0.289423
5.56595	0.289423	0.290595
5.57932	0.290595	0.294215
5.58733	0.294215	0.297618
5.60097	0.297618	0.302473
5.61408	0.302473	0.307586
5.61514	0.307586	0.306389
5.61616	0.306389	0.307242
5.62711	0.307242	0.304778
5.63045	0.304778	0.306405
5.65289	0.306405	0.301034
5.65417	0.301034	0.301063
5.65535	0.301063	0.302046
5.65628	0.302046	0.302872
5.66422	0.302872	0.309125
5.66523	0.309125	0.303345
5.67336	0.303345	0.303689
5.67904	0.303689	0.302797
5.68154	0.302797	0.304733
5.68945	0.304733	0.299672
5.70773	0.299672	0.301237
5.72873	0.301237	0.290267
5.72989	0.290267	0.291225
5.73079	0.291225	0.292027
5.74053	0.292027	0.299816
5.74384	0.299816	0.301418
5.74548	0.301418	0.302536
5.74979	0.302536	0.304602
5.75347	0.304602	0.305771
5.76438	0.305771	0.313757
5.76937	0.313757	0.306426
5.7795	0.306426	0.304914
5.78006	0.304914	0.288965
5.78383	0.288965	0.291892
5.78546	0.291892	0.293007
5.79862	0.293007	0.296321
5.80503	0.296321	0.298759
5.81744	0.298759	0.292277
5.81984	0.292277	0.293895
5.82102	0.293895	0.294878
5.8278	0.294878	0.292925
5.8294	0.292925	0.292309
5.83545	0.292309	0.286802
5.83705	0.286802	0.275977
5.83867	0.275977	0.275474
5.84618	0.275474	0.266858
5.85925	0.266858	0.275845
5.86028	0.275845	0.272953
5.86157	0.272953	0.274028
5.86247	0.274028	0.274848
5.87401	0.274848	0.27299
5.87598	0.27299	0.272999
5.8775	0.272999	0.274171
5.88474	0.274171	0.270657
5.896	0.270657	0.26884
5.902	0.26884	0.270978
5.9035	0.270978	0.272126
5.90456	0.272126	0.273017
5.9293	0.273017	0.271922
5.93606	0.271922	0.274528
5.93724	0.274528	0.27551
5.9447	0.27551	0.280471
5.95884	0.280471	0.283794
5.96022	0.283794	0.284589
5.96447	0.284589	0.285434
5.96809	0.285434	0.286547
5.97039	0.286547	0.280935
5.97401	0.280935	0.266277
5.98529	0.266277	0.273352
5.98749	0.273352	0.274905
5.99518	0.274905	0.282118
6.00085	0.282118	0.27784
6.00249	0.27784	0.278955
6.00367	0.278955	0.279937
6.01133	0.279937	0.282553
6.01777	0.282553	0.284987
6.01883	0.284987	0.278193
6.02623	0.278193	0.285528
6.03235	0.285528	0.286834
6.04173	0.286834	0.288265
6.05364	0.288265	0.288219
6.05603	0.288219	0.288562
6.05728	0.288562	0.289521
6.05827	0.289521	0.29039
6.06572	0.29039	0.284909
6.06724	0.284909	0.285641
6.07487	0.285641	0.292928
6.08913	0.292928	0.290511
6.08976	0.290511	0.287913
6.09722	0.287913	0.295222
6.1016	0.295222	0.296567
6.10462	0.296567	0.298626
6.11255	0.298626	0.295116
6.12017	0.295116	0.29232
6.1284	0.29232	0.289721
6.13639	0.289721	0.287837
6.14384	0.287837	0.295146
6.14996	0.295146	0.289027
6.15136	0.289027	0.28982
6.15739	0.28982	0.283379
6.15995	0.283379	0.283868
6.16107	0.283868	0.28465
6.16199	0.28465	0.285476
6.1692	0.285476	0.284242
6.17472	0.284242	0.277397
6.1759	0.277397	0.278153
6.17695	0.278153	0.274947
6.18916	0.274947	0.259855
6.19165	0.259855	0.261577
6.1926	0.261577	0.262429
6.20233	0.262429	0.270215
6.20567	0.270215	0.271842
6.2073	0.271842	0.272957
6.20849	0.272957	0.273939
6.20941	0.273939	0.274765
6.2106	0.274765	0.251762
6.22302	0.251762	0.260469
6.22466	0.260469	0.261584
6.22584	0.261584	0.262566
6.22677	0.262566	0.263392
6.23419	0.263392	0.263804
6.24131	0.263804	0.267299
6.25367	0.267299	0.26505
6.25518	0.26505	0.265782
6.25636	0.265782	0.266764
6.26839	0.266764	0.26605
6.27069	0.26605	0.25936
6.28317	0.25936	0.265358
6.28524	0.265358	0.265381
6.29672	0.265381	0.264361
6.29968	0.264361	0.257945
6.3011	0.257945	0.25883
6.30369	0.25883	0.258292
6.31518	0.258292	0.259501
6.31775	0.259501	0.259885
6.31883	0.259885	0.260666
6.34629	0.260666	0.271251
6.35474	0.271251	0.264974
6.35662	0.264974	0.266365
6.35765	0.266365	0.26722
6.35855	0.26722	0.268044
6.36943	0.268044	0.276038
6.37185	0.276038	0.27746
6.37334	0.27746	0.278608
6.38087	0.278608	0.283647
6.38209	0.283647	0.278328
6.41151	0.278328	0.28108
6.41256	0.28108	0.279864
6.41361	0.279864	0.280743
6.41451	0.280743	0.281564
6.42604	0.281564	0.286331
6.42822	0.286331	0.287857
6.42954	0.287857	0.285518
6.43047	0.285518	0.286344
6.43825	0.286344	0.2882
6.44411	0.2882	0.286723
6.44603	0.286723	0.288208
6.45372	0.288208	0.284523
6.46749	0.284523	0.290519
6.47472	0.290519	0.285567
6.48014	0.285567	0.289442
6.49305	0.289442	0.287387
6.49491	0.287387	0.287021
6.49593	0.287021	0.287876
6.52227	0.287876	0.297257
6.53026	0.297257	0.296066
6.54359	0.296066	0.289925
6.55628	0.289925	0.298509
6.55767	0.298509	0.299299
6.55872	0.299299	0.300178
6.55965	0.300178	0.301026
6.5714	0.301026	0.29071
6.57271	0.29071	0.289315
6.57389	0.289315	0.290298
6.57482	0.290298	0.291124
6.58621	0.291124	0.290969
6.58895	0.290969	0.291607
6.59095	0.291607	0.287263
6.61028	0.287263	0.294935
6.6119	0.294935	0.296026
6.61306	0.296026	0.296984
6.61433	0.296984	0.268037
6.62213	0.268037	0.2734
6.62317	0.2734	0.274279
6.62408	0.274279	0.2751
6.635	0.2751	0.283144
6.63745	0.283144	0.28459
6.63897	0.28459	0.285762
6.64001	0.285762	0.286641
6.6476	0.286641	0.279054
6.65361	0.279054	0.281192
6.65511	0.281192	0.28234
6.66298	0.28234	0.282013
6.67481	0.282013	0.284294
6.6758	0.284294	0.283039
6.68916	0.283039	0.27699
6.69173	0.27699	0.277328
6.693	0.277328	0.278354
6.6939	0.278354	0.279175
6.71089	0.279175	0.282944
6.71344	0.282944	0.28329
6.72573	0.28329	0.280191
6.72708	0.280191	0.273362
6.74555	0.273362	0.278065
6.74725	0.278065	0.279093
6.74843	0.279093	0.280075
6.74936	0.280075	0.280901
6.7613	0.280901	0.284475
6.7633	0.284475	0.284554
6.76497	0.284554	0.284787
6.77246	0.284787	0.281947
6.77902	0.281947	0.284251
6.78158	0.284251	0.285805
6.79712	0.285805	0.274846
6.80904	0.274846	0.278786
6.81117	0.278786	0.280066
6.81235	0.280066	0.281049
6.81328	0.281049	0.281875
6.83005	0.281875	0.283383
6.83613	0.283383	0.279762
6.83764	0.279762	0.280494
6.83882	0.280494	0.281476
6.83975	0.281476	0.282302
6.85211	0.282302	0.292714
6.85376	0.292714	0.292135
6.85494	0.292135	0.29312
6.85582	0.29312	0.293896
6.87321	0.293896	0.301819
6.88011	0.301819	0.293335
6.88128	0.293335	0.294072
6.89514	0.294072	0.303661
6.903	0.303661	0.290153
6.90419	0.290153	0.291136
6.90518	0.291136	0.292
6.92435	0.292	0.306674
6.93513	0.306674	0.299099
6.93755	0.299099	0.299469
6.95291	0.299469	0.299299
6.9665	0.299299	0.308885
6.96757	0.308885	0.309514
6.96914	0.309514	0.306162
6.98071	0.306162	0.314163
6.98308	0.314163	0.308219
6.98423	0.308219	0.308952
6.99577	0.308952	0.308402
6.99822	0.308402	0.308729
7.00137	0.308729	0.307659
7.0152	0.307659	0.304313
7.01757	0.304313	0.303315
7.01908	0.303315	0.304487
7.02013	0.304487	0.305366
7.02757	0.305366	0.302725
7.02967	0.302725	0.300958
7.04399	0.300958	0.296344
7.04983	0.296344	0.288479
7.05144	0.288479	0.28957
7.05261	0.28957	0.290538
7.05357	0.290538	0.291391
7.06075	0.291391	0.288297
7.06769	0.288297	0.293058
7.06907	0.293058	0.290048
7.07018	0.290048	0.290952
7.08235	0.290952	0.285232
7.08482	0.285232	0.286744
7.09628	0.286744	0.287192
7.09822	0.287192	0.287177
7.09984	0.287177	0.288376
7.1066	0.288376	0.276551
7.10826	0.276551	0.276019
7.11587	0.276019	0.28328
7.122	0.28328	0.284191
7.13372	0.284191	0.281609
7.14598	0.281609	0.272762
7.14831	0.272762	0.273062
7.14955	0.273062	0.274022
7.15054	0.274022	0.27489
7.15791	0.27489	0.2778
7.16437	0.2778	0.269222
7.16622	0.269222	0.270472
7.1673	0.270472	0.271378
7.17704	0.271378	0.279114
7.18062	0.279114	0.27664
7.20241	0.27664	0.27169
7.20405	0.27169	0.272805
7.20523	0.272805	0.273788
7.20616	0.273788	0.274614
7.21592	0.274614	0.282426
7.22643	0.282426	0.290847
7.2315	0.290847	0.278583
7.2351	0.278583	0.281015
7.23672	0.281015	0.282103
7.2379	0.282103	0.283086
7.23883	0.283086	0.283912
7.24332	0.283912	0.276822
7.24734	0.276822	0.27876
7.24858	0.27876	0.279719
7.25608	0.279719	0.287017
7.2609	0.287017	0.279587
7.27397	0.279587	0.277949
7.27547	0.277949	0.2774
7.27688	0.2774	0.278474
7.28821	0.278474	0.276306
7.31088	0.276306	0.288398
7.3121	0.288398	0.289333
7.31959	0.289333	0.292019
7.326	0.292019	0.288503
7.33703	0.288503	0.291775
7.34315	0.291775	0.29164
7.34454	0.29164	0.29243
7.34562	0.29243	0.293336
7.35318	0.293336	0.292426
7.35973	0.292426	0.289877
7.36091	0.289877	0.290853
7.36183	0.290853	0.291679
7.36955	0.291679	0.28711
7.37599	0.28711	0.289544
7.39037	0.289544	0.291452
7.39188	0.291452	0.285185
7.39944	0.285185	0.291185
7.4115	0.291185	0.293508
7.41301	0.293508	0.292962
7.4211	0.292962	0.286405
7.4233	0.286405	0.287959
7.42454	0.287959	0.288918
7.43449	0.288918	0.287696
7.44079	0.287696	0.290379
7.44231	0.290379	0.29122
7.4433	0.29122	0.292089
7.45051	0.292089	0.286144
7.45654	0.286144	0.290425
7.45843	0.290425	0.291714
7.45945	0.291714	0.292153
7.46685	0.292153	0.286227
7.47317	0.286227	0.283026
7.47476	0.283026	0.284217
7.48208	0.284217	0.279179
7.48894	0.279179	0.279465
7.49992	0.279465	0.282106
7.50439	0.282106	0.277167
7.50578	0.277167	0.277958
7.50844	0.277958	0.276945
7.53554	0.276945	0.279463
7.54317	0.279463	0.284559
7.54408	0.284559	0.28538
7.55166	0.28538	0.290716
7.55735	0.290716	0.292796
7.56277	0.292796	0.287553
7.56397	0.287553	0.288378
7.56487	0.288378	0.289199
7.57621	0.289199	0.288005
7.58277	0.288005	0.292658
7.59022	0.292658	0.299237
7.59685	0.299237	0.284266
7.59788	0.284266	0.284643
7.59888	0.284643	0.285511
7.60304	0.285511	0.287701
7.60511	0.287701	0.285515
7.61763	0.285515	0.294374
7.61952	0.294374	0.293161
7.62748	0.293161	0.29045
7.63892	0.29045	0.294854
7.64108	0.294854	0.29577
7.64227	0.29577	0.296752
7.65467	0.296752	0.294894
7.65654	0.294894	0.294479
7.65759	0.294479	0.295358
7.65849	0.295358	0.296179
7.66841	0.296179	0.292415
7.67205	0.292415	0.29416
7.67356	0.29416	0.295332
7.67612	0.295332	0.285214
7.68399	0.285214	0.292118
7.6868	0.292118	0.287292
7.69843	0.287292	0.285206
7.70039	0.285206	0.286027
7.70158	0.286027	0.286936
7.71566	0.286936	0.278994
7.72867	0.278994	0.27622
7.72985	0.27622	0.277
7.73085	0.277	0.277869
7.73807	0.277869	0.271213
7.74518	0.271213	0.276015
7.74633	0.276015	0.276973
7.74724	0.276973	0.277775
7.76746	0.277775	0.281188
7.78608	0.281188	0.286159
7.79216	0.286159	0.289605
7.7938	0.289605	0.29072
7.79489	0.29072	0.291491
7.81234	0.291491	0.293897
7.82893	0.293897	0.289324
7.83135	0.289324	0.290746
7.83285	0.290746	0.291894
7.83387	0.291894	0.292749
7.83475	0.292749	0.293546
7.84731	0.293546	0.299709
7.85571	0.299709	0.298358
7.8619	0.298358	0.297705
7.8633	0.297705	0.298195
7.8643	0.298195	0.289096
7.86923	0.289096	0.291669
7.88359	0.291669	0.293373
7.89099	0.293373	0.292144
7.89228	0.292144	0.292945
7.89318	0.292945	0.293747
7.90958	0.293747	0.304475
7.91597	0.304475	0.305789
7.91743	0.305789	0.306911
7.92517	0.306911	0.307549
7.932	0.307549	0.304521
7.9333	0.304521	0.294376
7.94631	0.294376	0.303984
7.94755	0.303984	0.304367
7.94857	0.304367	0.305222
7.95574	0.305222	0.301075
7.96214	0.301075	0.305364
7.96363	0.305364	0.306072
7.976	0.306072	0.303997
7.97784	0.303997	0.305233
7.97903	0.305233	0.295037
7.98882	0.295037	0.290387
7.98979	0.290387	0.290519
7.99078	0.290519	0.291388
8.00792	0.291388	0.307534
8.01199	0.307534	0.296325
8.0199	0.296325	0.291229
8.02121	0.291229	0.291416
8.03354	0.291416	0.30012
8.03521	0.30012	0.301262
8.03636	0.301262	0.302218
8.04193	0.302218	0.296759
8.05496	0.296759	0.292775
8.05579	0.292775	0.291438
8.05697	0.291438	0.29242
8.0579	0.29242	0.293246
8.06905	0.293246	0.282973
8.0726	0.282973	0.285244
8.08258	0.285244	0.292456
8.08597	0.292456	0.293322
8.08752	0.293322	0.294113
8.09528	0.294113	0.290385
8.10524	0.290385	0.289811
8.10677	0.289811	0.29062
8.11874	0.29062	0.28768
8.1213	0.28768	0.288064
8.12246	0.288064	0.289022
8.13451	0.289022	0.287199
8.13551	0.287199	0.286151
8.13701	0.286151	0.287299
8.13803	0.287299	0.288154
8.15131	0.288154	0.291693
8.16384	0.291693	0.294601
8.16538	0.294601	0.283902
8.16637	0.283902	0.282703
8.1738	0.282703	0.290064
8.17877	0.290064	0.291684
8.18096	0.291684	0.289837
8.18198	0.289837	0.290629
8.18289	0.290629	0.29145
8.18983	0.29145	0.279995
8.20153	0.279995	0.284605
8.21018	0.284605	0.28486
8.22181	0.28486	0.289809
8.23497	0.289809	0.288582
8.23717	0.288582	0.290135
8.23862	0.290135	0.282875
8.24543	0.282875	0.283291
8.24703	0.283291	0.284482
8.24802	0.284482	0.28535
8.26068	0.28535	0.284284
8.26307	0.284284	0.284629
8.27084	0.284629	0.282029
8.2887	0.282029	0.27446
8.28973	0.27446	0.275315
8.2906	0.275315	0.276112
8.30011	0.276112	0.280212
8.30406	0.280212	0.283117
8.30676	0.283117	0.285544
8.30774	0.285544	0.286284
8.31772	0.286284	0.284079
8.32247	0.284079	0.286331
8.33525	0.286331	0.291221
8.34555	0.291221	0.291521
8.34606	0.291521	0.290273
8.3485	0.290273	0.286158
8.34965	0.286158	0.28043
8.35941	0.28043	0.288243
8.36302	0.288243	0.289441
8.36618	0.289441	0.282804
8.36718	0.282804	0.283673
8.36818	0.283673	0.282205
8.38116	0.282205	0.285662
8.38264	0.285662	0.28509
8.39067	0.28509	0.285238
8.39254	0.285238	0.273807
8.40418	0.273807	0.28172
8.40688	0.28172	0.271613
8.41464	0.271613	0.279129
8.41515	0.279129	0.279478
8.42243	0.279478	0.284397
8.43793	0.284397	0.281681
8.43909	0.281681	0.282494
8.44009	0.282494	0.283323
8.44374	0.283323	0.279904
8.45057	0.279904	0.284197
8.45554	0.284197	0.286409
8.46336	0.286409	0.282666
8.47251	0.282666	0.270979
8.48739	0.270979	0.276592
8.48841	0.276592	0.275344
8.48943	0.275344	0.276199
8.49031	0.276199	0.276996
8.50496	0.276996	0.280153
8.50822	0.280153	0.281231
8.50941	0.281231	0.282213
8.51033	0.282213	0.283039
8.51988	0.283039	0.284903
8.53925	0.284903	0.278575
8.54611	0.278575	0.283293
8.5475	0.283293	0.284397
8.54838	0.284397	0.285129
8.55672	0.285129	0.285604
8.5616	0.285604	0.279992
8.56392	0.279992	0.281549
8.56507	0.281549	0.282507
8.56598	0.282507	0.28331
8.57363	0.28331	0.284925
8.5808	0.284925	0.289811
8.58179	0.289811	0.281644
8.58792	0.281644	0.282899
8.5901	0.282899	0.283203
8.59807	0.283203	0.280227
8.60507	0.280227	0.282342
8.60675	0.282342	0.271496
8.61656	0.271496	0.278935
8.6203	0.278935	0.273491
8.6217	0.273491	0.27431
8.62275	0.27431	0.275189
8.63306	0.275189	0.285466
8.63806	0.285466	0.288413
8.65055	0.288413	0.287296
8.65733	0.287296	0.279159
8.65881	0.279159	0.277263
8.66681	0.277263	0.275724
8.67351	0.275724	0.270966
8.67659	0.270966	0.271636
8.67777	0.271636	0.272619
8.6787	0.272619	0.273445
8.68589	0.273445	0.279015
8.69193	0.279015	0.283016
8.69356	0.283016	0.284131
8.69475	0.284131	0.285113
8.70207	0.285113	0.279643
8.71492	0.279643	0.275086
8.71661	0.275086	0.274567
8.72473	0.274567	0.269195
8.73208	0.269195	0.274045
8.74251	0.274045	0.284348
8.74591	0.284348	0.278504
8.74681	0.278504	0.279325
8.76424	0.279325	0.287814
8.76623	0.287814	0.287893
8.76775	0.287893	0.289065
8.76934	0.289065	0.281676
8.77027	0.281676	0.282523
8.78304	0.282523	0.291673
8.78444	0.291673	0.292463
8.79198	0.292463	0.28702
8.79837	0.28702	0.28943
8.79959	0.28943	0.290365
8.80689	0.290365	0.287013
8.81913	0.287013	0.293541
8.8203	0.293541	0.294358
8.82134	0.294358	0.295237
8.84088	0.295237	0.296435
8.84999	0.296435	0.299165
8.85356	0.299165	0.295861
8.86141	0.295861	0.299813
8.86818	0.299813	0.292596
8.86922	0.292596	0.293187
8.87664	0.293187	0.295839
8.88382	0.295839	0.295829
8.8911	0.295829	0.301002
8.89161	0.301002	0.301214
8.89335	0.301214	0.294934
8.90584	0.294934	0.298768
8.90735	0.298768	0.298222
8.90917	0.298222	0.292339
8.91657	0.292339	0.299628
8.92257	0.299628	0.284504
8.9298	0.284504	0.289467
8.93097	0.289467	0.28042
8.93763	0.28042	0.285322
8.93926	0.285322	0.286437
8.94045	0.286437	0.287419
8.95493	0.287419	0.287702
8.95572	0.287702	0.286309
8.9569	0.286309	0.287294
8.95778	0.287294	0.288069
8.97117	0.288069	0.285277
8.97213	0.285277	0.283999
8.97316	0.283999	0.284854
8.98109	0.284854	0.278882
8.98206	0.278882	0.277612
8.9897	0.277612	0.274921
9.00128	0.274921	0.283156
9.00347	0.283156	0.278736
9.02081	0.278736	0.288729
9.02292	0.288729	0.288274
9.03635	0.288274	0.287089
9.04852	0.287089	0.280955
9.05026	0.280955	0.281834
9.05131	0.281834	0.282713
9.05221	0.282713	0.283534
9.06452	0.283534	0.281479
9.06614	0.281479	0.282571
9.0673	0.282571	0.283529
9.07431	0.283529	0.282221
9.07581	0.282221	0.281629
9.07703	0.281629	0.282561
9.08954	0.282561	0.282604
9.09104	0.282604	0.282055
9.09229	0.282055	0.283014
9.0985	0.283014	0.277229
9.10072	0.277229	0.259838
9.10212	0.259838	0.26095
9.10305	0.26095	0.261776
9.1128	0.261776	0.269588
9.11614	0.269588	0.271215
9.1178	0.271215	0.272357
9.12843	0.272357	0.28268
9.13126	0.28268	0.277693
9.13889	0.277693	0.270709
9.14593	0.270709	0.275478
9.14711	0.275478	0.27646
9.14804	0.27646	0.277286
9.15555	0.277286	0.278862
9.16064	0.278862	0.275327
9.16284	0.275327	0.27174
9.16416	0.27174	0.27275
9.16512	0.27275	0.273603
9.17203	0.273603	0.265937
9.17355	0.265937	0.267109
9.18164	0.267109	0.265069
9.19152	0.265069	0.265786
9.19893	0.265786	0.267962
9.21224	0.267962	0.257319
9.22096	0.257319	0.265231
9.22214	0.265231	0.265987
9.22313	0.265987	0.266856
9.23557	0.266856	0.264401
9.24966	0.264401	0.26852
9.25039	0.26852	0.268501
9.25123	0.268501	0.269283
9.26434	0.269283	0.282283
9.27057	0.282283	0.279
9.27221	0.279	0.280115
9.27339	0.280115	0.281097
9.27432	0.281097	0.281923
9.28211	0.281923	0.280734
9.29047	0.280734	0.285737
9.29198	0.285737	0.286469
9.29319	0.286469	0.277525
9.29426	0.277525	0.273333
9.30167	0.273333	0.28067
9.30737	0.28067	0.28277
9.31583	0.28277	0.279478
9.32149	0.279478	0.282684
9.33065	0.282684	0.282127
9.34376	0.282127	0.288813
9.34495	0.288813	0.289619
9.35247	0.289619	0.287947
9.35888	0.287947	0.290383
9.36015	0.290383	0.291368
9.36112	0.291368	0.29221
9.36903	0.29221	0.294591
9.38249	0.294591	0.292577
9.38365	0.292577	0.291389
9.38471	0.291389	0.292303
9.39251	0.292303	0.293919
9.39944	0.293919	0.284383
9.40108	0.284383	0.269823
9.40868	0.269823	0.275096
9.40983	0.275096	0.276054
9.41076	0.276054	0.276883
9.42141	0.276883	0.273621
9.43361	0.273621	0.271543
9.43531	0.271543	0.272141
9.43635	0.272141	0.27302
9.44399	0.27302	0.271955
9.47012	0.271955	0.272705
9.47131	0.272705	0.273507
9.4723	0.273507	0.274376
9.47413	0.274376	0.275191
9.49507	0.275191	0.279952
9.49655	0.279952	0.279377
9.49779	0.279377	0.280337
9.49878	0.280337	0.281205
9.50855	0.281205	0.288999
9.52216	0.288999	0.286593
9.52378	0.286593	0.286002
9.53357	0.286002	0.283567
9.53763	0.283567	0.285523
9.53885	0.285523	0.286459
9.54541	0.286459	0.279383
9.54708	0.279383	0.280526
9.54823	0.280526	0.281482
9.55569	0.281482	0.285118
9.56231	0.285118	0.280205
9.56347	0.280205	0.281017
9.57576	0.281017	0.283388
9.57764	0.283388	0.282989
9.57867	0.282989	0.283844
9.59096	0.283844	0.282156
9.59246	0.282156	0.282896
9.59364	0.282896	0.283879
9.59459	0.283879	0.284732
9.60887	0.284732	0.285896
9.61346	0.285896	0.281619
9.62116	0.281619	0.278853
9.6265	0.278853	0.28134
9.62846	0.28134	0.282159
9.6297	0.282159	0.283118
9.63742	0.283118	0.284898
9.64834	0.284898	0.279308
9.65461	0.279308	0.270386
9.65615	0.270386	0.271254
9.65712	0.271254	0.272096
9.66455	0.272096	0.279457
9.66969	0.279457	0.276221
9.67166	0.276221	0.277072
9.67946	0.277072	0.280016
9.69324	0.280016	0.284567
9.69975	0.284567	0.286966
9.72521	0.286966	0.312278
9.74904	0.312278	0.301138
9.75014	0.301138	0.301817
9.75104	0.301817	0.302617
9.76243	0.302617	0.309771
9.76441	0.309771	0.309812
9.77228	0.309812	0.302162
9.77869	0.302162	0.304597
9.78007	0.304597	0.305645
9.78753	0.305645	0.312954
9.7925	0.312954	0.314575
9.79468	0.314575	0.299613
9.7959	0.299613	0.300548
9.7969	0.300548	0.30142
9.80428	0.30142	0.30873
9.81073	0.30873	0.311184
9.81725	0.311184	0.307019
9.81887	0.307019	0.30811
9.82999	0.30811	0.307829
9.84032	0.307829	0.306746
9.84466	0.306746	0.30952
9.84591	0.30952	0.308278
9.84691	0.308278	0.309155
9.86098	0.309155	0.313404
9.86757	0.313404	0.309711
9.8687	0.309711	0.310643
9.86961	0.310643	0.311445
9.87737	0.311445	0.31497
9.88403	0.31497	0.308223
9.88497	0.308223	0.306985
9.88608	0.306985	0.30779
9.89735	0.30779	0.306395
9.90509	0.306395	0.299536
9.90624	0.299536	0.300273
9.91155	0.300273	0.28505
9.91934	0.28505	0.281769
9.93059	0.281769	0.280961
9.93628	0.280961	0.283041
9.93792	0.283041	0.284156
9.9391	0.284156	0.285138
9.9452	0.285138	0.280598
9.95237	0.280598	0.282683
9.95909	0.282683	0.279631
9.96063	0.279631	0.280549
9.96162	0.280549	0.281418
9.96927	0.281418	0.275987
9.975	0.275987	0.278094
9.97661	0.278094	0.279182
9.97779	0.279182	0.280164
9.97872	0.280164	0.28099
9.98524	0.28099	0.250025
9.9867	0.250025	0.249414
9.98792	0.249414	0.250349
9.98889	0.250349	0.251194
9.9963	0.251194	0.258531
10.007	0.258531	0.264721
10.0119	0.264721	0.266318
10.0141	0.266318	0.267874
10.0153	0.267874	0.268782
10.027	0.268782	0.263625
10.0349	0.263625	0.262664
10.0414	0.262664	0.267124
10.0431	0.267124	0.268239
10.0443	0.268239	0.269222
10.0569	0.269222	0.269389
10.0586	0.269389	0.268868
10.0597	0.268868	0.269851
10.0698	0.269851	0.273875
10.0851	0.273875	0.26342
10.0858	0.26342	0.263642
10.0867	0.263642	0.264463
10.0994	0.264463	0.259064
10.1017	0.259064	0.259364
10.103	0.259364	0.260324
10.104	0.260324	0.261192
10.1171	0.261192	0.260215
10.118	0.260215	0.256763
10.1192	0.256763	0.257745
10.1201	0.257745	0.258571
10.1299	0.258571	0.26641
10.1335	0.26641	0.264931
10.1461	0.264931	0.262095
10.1482	0.262095	0.262072
10.1493	0.262072	0.262836
10.1502	0.262836	0.263657
10.1573	0.263657	0.259979
10.1629	0.259979	0.263016
10.1651	0.263016	0.264569
10.1763	0.264569	0.270074
10.1768	0.270074	0.270298
10.1874	0.270298	0.280791
10.1895	0.280791	0.277908
10.2073	0.277908	0.2839
10.21	0.2839	0.278987
10.2111	0.278987	0.27972
10.2165	0.27972	0.282021
10.2327	0.282021	0.284506
10.2338	0.284506	0.281042
10.2349	0.281042	0.282024
10.2391	0.282024	0.284163
10.2428	0.284163	0.282693
10.2443	0.282693	0.283839
10.2453	0.283839	0.276067
10.2578	0.276067	0.281421
10.2769	0.281421	0.280605
10.2782	0.280605	0.279491
10.2791	0.279491	0.280317
10.2843	0.280317	0.277339
10.2963	0.277339	0.284322
10.2978	0.284322	0.283773
10.3058	0.283773	0.28048
10.3295	0.28048	0.293795
10.331	0.293795	0.29322
10.3322	0.29322	0.294179
10.3332	0.294179	0.295048
10.3406	0.295048	0.302409
10.3492	0.302409	0.302919
10.3509	0.302919	0.293831
10.3634	0.293831	0.302883
10.3649	0.302883	0.303614
10.3661	0.303614	0.304597
10.3759	0.304597	0.312327
10.3983	0.312327	0.313223
10.4009	0.313223	0.301429
10.4019	0.301429	0.302274
10.4093	0.302274	0.307562
10.4157	0.307562	0.298526
10.4169	0.298526	0.299416
10.4179	0.299416	0.300295
10.4255	0.300295	0.29562
10.4265	0.29562	0.294037
10.4386	0.294037	0.292498
10.4411	0.292498	0.294012
10.4426	0.294012	0.29521
10.4437	0.29521	0.296063
10.4446	0.296063	0.296884
10.4571	0.296884	0.299737
10.4589	0.299737	0.295913
10.4719	0.295913	0.291759
10.4731	0.291759	0.292587
10.4741	0.292587	0.293466
10.4817	0.293466	0.292277
10.4879	0.292277	0.280607
10.4888	0.280607	0.281401
10.4986	0.281401	0.289239
10.5024	0.289239	0.285929
10.5257	0.285929	0.286625
10.5274	0.286625	0.286891
10.5284	0.286891	0.28776
10.5358	0.28776	0.295121
10.5452	0.295121	0.287369
10.5516	0.287369	0.291864
10.5568	0.291864	0.293346
10.5629	0.293346	0.284959
10.5642	0.284959	0.28608
10.5775	0.28608	0.279192
10.5783	0.279192	0.277854
10.5794	0.277854	0.278689
10.5914	0.278689	0.275432
10.5925	0.275432	0.26294
10.5947	0.26294	0.264469
10.5959	0.264469	0.265405
10.5969	0.265405	0.266249
10.6043	0.266249	0.273586
10.6107	0.273586	0.27604
10.6224	0.27604	0.280833
10.6243	0.280833	0.281633
10.6256	0.281633	0.282569
10.6399	0.282569	0.288708
10.6408	0.288708	0.289461
10.6486	0.289461	0.285161
10.6549	0.285161	0.279042
10.6666	0.279042	0.287239
10.6688	0.287239	0.288793
10.67	0.288793	0.289752
10.6777	0.289752	0.279375
10.6842	0.279375	0.282003
10.6853	0.282003	0.282709
10.6863	0.282709	0.283553
10.6986	0.283553	0.281089
10.6992	0.281089	0.273489
10.7132	0.273489	0.276773
10.7186	0.276773	0.277508
10.7207	0.277508	0.277085
10.734	0.277085	0.273031
10.7352	0.273031	0.273835
10.7362	0.273835	0.274704
10.7381	0.274704	0.266169
10.7511	0.266169	0.274932
10.7523	0.274932	0.270509
10.7533	0.270509	0.271293
10.7548	0.271293	0.266928
10.7677	0.266928	0.269089
10.7693	0.269089	0.268544
10.7704	0.268544	0.269502
10.7713	0.269502	0.270304
10.7813	0.270304	0.278077
10.7926	0.278077	0.264964
10.7943	0.264964	0.264483
10.7955	0.264483	0.265415
10.7964	0.265415	0.266217
10.8061	0.266217	0.274005
10.8176	0.274005	0.280774
10.8204	0.280774	0.27522
10.8307	0.27522	0.279143
10.8336	0.279143	0.280606
10.8375	0.280606	0.28065
10.8559	0.28065	0.281082
10.8717	0.281082	0.289342
10.8727	0.289342	0.289894
10.8736	0.289894	0.29072
10.8875	0.29072	0.294411
10.889	0.294411	0.295143
10.8915	0.295143	0.293312
10.8927	0.293312	0.29422
10.905	0.29422	0.292861
10.9081	0.292861	0.285627
10.9207	0.285627	0.294155
10.9333	0.294155	0.291459
10.9352	0.291459	0.291444
10.9367	0.291444	0.292592
10.9377	0.292592	0.293447
10.948	0.293447	0.303717
10.9548	0.303717	0.299939
10.9657	0.299939	0.307236
10.9681	0.307236	0.308682
10.9756	0.308682	0.315515
10.9773	0.315515	0.308928
10.9788	0.308928	0.309552
10.9916	0.309552	0.311782
10.9933	0.311782	0.309032
11.001	0.309032	0.304743
11.0242	0.304743	0.315042
11.0247	0.315042	0.311418
11.0261	0.311418	0.312433
11.0271	0.312433	0.313312
11.0283	0.313312	0.294306
11.0415	0.294306	0.303571
11.0429	0.303571	0.304417
11.0438	0.304417	0.292747
11.0643	0.292747	0.29306
11.0658	0.29306	0.293902
11.0733	0.293902	0.301191
11.079	0.301191	0.296
11.087	0.296	0.294337
11.0936	0.294337	0.297013
11.0947	0.297013	0.29777
11.0956	0.29777	0.298572
11.1061	0.298572	0.288461
11.1132	0.288461	0.292737
11.1143	0.292737	0.291539
11.1154	0.291539	0.292394
11.1163	0.292394	0.285591
11.1232	0.285591	0.28851
11.1327	0.28851	0.276745
11.1387	0.276745	0.281037
11.1471	0.281037	0.273777
11.1486	0.273777	0.274621
11.1496	0.274621	0.275439
11.1605	0.275439	0.283408
11.1632	0.283408	0.281847
11.1767	0.281847	0.28522
11.1892	0.28522	0.286465
11.1909	0.286465	0.285325
11.1923	0.285325	0.271597
11.1983	0.271597	0.273952
11.2014	0.273952	0.267449
11.2027	0.267449	0.268385
11.2037	0.268385	0.269256
11.211	0.269256	0.276566
11.2182	0.276566	0.261375
11.2191	0.261375	0.261745
11.22	0.261745	0.262566
11.2309	0.262566	0.27061
11.233	0.27061	0.26714
11.234	0.26714	0.267933
11.2366	0.267933	0.261057
11.2467	0.261057	0.267983
11.2595	0.267983	0.267797
11.2655	0.267797	0.269979
11.267	0.269979	0.271125
11.2688	0.271125	0.267725
11.2712	0.267725	0.246957
11.2731	0.246957	0.248448
11.2742	0.248448	0.249344
11.2816	0.249344	0.256681
11.2972	0.256681	0.268945
11.3022	0.268945	0.273905
11.3047	0.273905	0.263165
11.3058	0.263165	0.263741
11.3068	0.263741	0.264583
11.3142	0.264583	0.271944
11.3206	0.271944	0.266995
11.3219	0.266995	0.26793
11.3228	0.26793	0.268775
11.3377	0.268775	0.270932
11.3434	0.270932	0.273012
11.3503	0.273012	0.271232
11.3573	0.271232	0.269852
11.3634	0.269852	0.26824
11.3651	0.26824	0.269145
11.3765	0.269145	0.263271
11.3793	0.263271	0.263836
11.3803	0.263836	0.264576
11.3811	0.264576	0.265373
11.3894	0.265373	0.256689
11.4025	0.256689	0.265527
11.4037	0.265527	0.266334
11.4047	0.266334	0.267203
11.4122	0.267203	0.273474
11.4261	0.273474	0.276583
11.4273	0.276583	0.277049
11.4282	0.277049	0.277824
11.4381	0.277824	0.275826
11.4418	0.275826	0.277519
11.4538	0.277519	0.277071
11.4572	0.277071	0.278698
11.4588	0.278698	0.279813
11.46	0.279813	0.280795
11.4611	0.280795	0.271761
11.4725	0.271761	0.281281
11.4946	0.281281	0.283537
11.4952	0.283537	0.283086
11.5026	0.283086	0.290423
11.5083	0.290423	0.289673
11.5101	0.289673	0.29056
11.5175	0.29056	0.297748
11.5225	0.297748	0.291611
11.5248	0.291611	0.293193
11.526	0.293193	0.289372
11.5439	0.289372	0.295291
11.5453	0.295291	0.296311
11.5614	0.296311	0.299087
11.5673	0.299087	0.301639
11.569	0.301639	0.298344
11.5767	0.298344	0.279506
11.5832	0.279506	0.280613
11.5843	0.280613	0.281418
11.5853	0.281418	0.282244
11.5967	0.282244	0.291764
11.5993	0.291764	0.292077
11.6004	0.292077	0.293035
11.6013	0.293035	0.293837
11.6127	0.293837	0.292107
11.6259	0.292107	0.287261
11.6283	0.287261	0.288707
11.6299	0.288707	0.289879
11.6309	0.289879	0.290639
11.6409	0.290639	0.289794
11.6553	0.289794	0.293463
11.6569	0.293463	0.294578
11.6596	0.294578	0.295617
11.6605	0.295617	0.296443
11.672	0.296443	0.305981
11.6738	0.305981	0.296687
11.687	0.296687	0.284455
11.6934	0.284455	0.286891
11.6946	0.286891	0.28785
11.7022	0.28785	0.290008
11.7085	0.290008	0.280284
11.7098	0.280284	0.281308
11.7107	0.281308	0.28211
11.7205	0.28211	0.289898
11.724	0.289898	0.285859
11.7256	0.285859	0.286594
11.7377	0.286594	0.284682
11.74	0.284682	0.285064
11.7481	0.285064	0.275543
11.7493	0.275543	0.274396
11.7503	0.274396	0.275265
11.7577	0.275265	0.282626
11.7782	0.282626	0.278574
11.7803	0.278574	0.277237
11.7815	0.277237	0.278196
11.7824	0.278196	0.278998
11.7921	0.278998	0.286812
11.7957	0.286812	0.286392
11.7972	0.286392	0.28754
11.8052	0.28754	0.287564
11.811	0.287564	0.288472
11.8194	0.288472	0.275493
11.8323	0.275493	0.284061
11.8335	0.284061	0.284878
11.8345	0.284878	0.285757
11.8354	0.285757	0.282134
11.8475	0.282134	0.283968
11.8495	0.283968	0.28405
11.851	0.28405	0.285171
11.8722	0.285171	0.295541
11.8805	0.295541	0.283662
11.8814	0.283662	0.284489
11.8911	0.284489	0.292301
11.893	0.292301	0.280255
11.894	0.280255	0.281111
11.8949	0.281111	0.281908
11.9066	0.281908	0.290699
11.9101	0.290699	0.283307
11.9113	0.283307	0.284216
11.9138	0.284216	0.282941
11.9215	0.282941	0.280565
11.9265	0.280565	0.271321
11.9275	0.271321	0.272144
11.9349	0.272144	0.279505
11.9407	0.279505	0.281629
11.9488	0.281629	0.278263
11.9664	0.278263	0.279398
11.9714	0.279398	0.279286
11.9736	0.279286	0.280866
11.9748	0.280866	0.281798
11.9826	0.281798	0.28895
11.9884	0.28895	0.286216
11.9898	0.286216	0.281264
11.9914	0.281264	0.282553
12.003	0.282553	0.282554
12.0117	0.282554	0.276103
12.0186	0.276103	0.278764
12.0204	0.278764	0.280002
12.0214	0.280002	0.280857
12.0223	0.280857	0.281681
12.0368	0.281681	0.287557
12.0433	0.287557	0.265635
12.0445	0.265635	0.26604
12.0455	0.26604	0.266895
12.0464	0.266895	0.267692
12.0588	0.267692	0.276755
12.0605	0.276755	0.27761
12.0682	0.27761	0.274164
12.0697	0.274164	0.275312
12.0708	0.275312	0.276193
12.0786	0.276193	0.267644
12.0857	0.267644	0.272454
12.0869	0.272454	0.273436
12.091	0.273436	0.271612
12.0977	0.271612	0.2654
12.1198	0.2654	0.285549
12.1237	0.285549	0.288285
12.1263	0.288285	0.278626
12.1275	0.278626	0.279608
12.1285	0.279608	0.280461
12.1307	0.280461	0.258042
12.1318	0.258042	0.258921
12.1327	0.258921	0.259742
12.1424	0.259742	0.267515
12.1637	0.267515	0.283233
12.1771	0.283233	0.284085
12.1793	0.284085	0.272663
12.1805	0.272663	0.273645
12.1814	0.273645	0.274471
12.1875	0.274471	0.276459
12.1969	0.276459	0.273129
12.1978	0.273129	0.273642
12.2005	0.273642	0.273373
12.2149	0.273373	0.272206
12.2161	0.272206	0.273166
12.2171	0.273166	0.273971
12.2281	0.273971	0.268915
12.2389	0.268915	0.269311
12.2411	0.269311	0.27084
12.2423	0.27084	0.271776
12.2433	0.271776	0.272647
12.2507	0.272647	0.279957
12.2579	0.279957	0.283203
12.2638	0.283203	0.285196
12.2648	0.285196	0.276407
12.2773	0.276407	0.275872
12.2791	0.275872	0.275739
12.2803	0.275739	0.276698
12.2813	0.276698	0.277567
12.2909	0.277567	0.270517
12.2974	0.270517	0.260448
12.2986	0.260448	0.261356
12.2996	0.261356	0.262201
12.307	0.262201	0.269538
12.3131	0.269538	0.268105
12.3146	0.268105	0.268947
12.3156	0.268947	0.269815
12.3232	0.269815	0.264383
12.3366	0.264383	0.257846
12.3436	0.257846	0.255606
12.3446	0.255606	0.256475
12.3521	0.256475	0.261068
12.3657	0.261068	0.265338
12.3672	0.265338	0.264751
12.3684	0.264751	0.26571
12.3697	0.26571	0.249689
12.3771	0.249689	0.25705
12.3831	0.25705	0.257503
12.3847	0.257503	0.258675
12.3857	0.258675	0.259554
12.3932	0.259554	0.266892
12.4023	0.266892	0.257857
12.4079	0.257857	0.244196
12.41	0.244196	0.244646
12.4115	0.244646	0.245794
12.4125	0.245794	0.246649
12.4134	0.246649	0.247446
12.4243	0.247446	0.255466
12.4267	0.255466	0.256888
12.4282	0.256888	0.258037
12.4292	0.258037	0.258892
12.4397	0.258892	0.265137
12.4512	0.265137	0.269361
12.458	0.269361	0.27194
12.4591	0.27194	0.272922
12.4732	0.272922	0.275323
12.4748	0.275323	0.275531
12.4758	0.275531	0.276376
12.4832	0.276376	0.282689
12.4889	0.282689	0.274055
12.49	0.274055	0.274937
12.4974	0.274937	0.281305
12.5029	0.281305	0.27477
12.5048	0.27477	0.275667
12.5125	0.275667	0.273591
12.519	0.273591	0.276229
12.5202	0.276229	0.276985
12.5324	0.276985	0.275612
12.5341	0.275612	0.276073
12.5455	0.276073	0.280621
12.5527	0.280621	0.275322
12.5735	0.275322	0.276052
12.5753	0.276052	0.277183
12.5761	0.277183	0.27798
12.5885	0.27798	0.286687
12.5901	0.286687	0.287752
12.5912	0.287752	0.28871
12.5921	0.28871	0.285087
12.6049	0.285087	0.288159
12.6063	0.288159	0.28895
12.6073	0.28895	0.289829
12.6081	0.289829	0.284913
12.6255	0.284913	0.288897
12.635	0.288897	0.291413
12.6375	0.291413	0.291118
12.6386	0.291118	0.292023
12.6395	0.292023	0.292818
12.6456	0.292818	0.28189
12.6471	0.28189	0.281212
12.6481	0.281212	0.282067
12.6613	0.282067	0.276719
12.663	0.276719	0.27763
12.6641	0.27763	0.278376
12.6894	0.278376	0.296275
12.6982	0.296275	0.287209
12.6993	0.287209	0.287968
12.7004	0.287968	0.288831
12.7127	0.288831	0.288429
12.7143	0.288429	0.287839
12.7155	0.287839	0.288822
12.7383	0.288822	0.286369
12.7395	0.286369	0.285222
12.7405	0.285222	0.286067
12.7544	0.286067	0.281273
12.7559	0.281273	0.279104
12.7567	0.279104	0.279701
12.7662	0.279701	0.284984
12.7741	0.284984	0.284088
12.7806	0.284088	0.261638
12.7827	0.261638	0.237247
12.7961	0.237247	0.193977
12.8067	0.193977	0.161041
12.828	0.161041	0.166728
12.8513	0.166728	0.113029
12.8873	0.113029	0.121077
12.9105	0.121077	0.117819
13.0144	0.117819	0.103288
13.0157	0.103288	0.104223
13.0166	0.104223	0.105068
13.0272	0.105068	0.115605
13.0302	0.115605	0.108559
13.0524	0.108559	0.104831
13.0852	0.104831	0.102031
13.0874	0.102031	0.103584
13.0886	0.103584	0.104543
13.0896	0.104543	0.105412
13.1149	0.105412	0.130681
13.1397	0.130681	0.107607
13.1405	0.107607	0.107899
13.1962	0.107899	0.123781
13.2422	0.123781	0.102235
13.2432	0.102235	0.103104
13.2507	0.103104	0.110465
13.3052	0.110465	0.106896
13.3064	0.106896	0.107831
13.3073	0.107831	0.108676
13.3173	0.108676	0.108559
13.335	0.108559	0.104831
13.3383	0.104831	0.106457
13.34	0.106457	0.107599
13.3411	0.107599	0.108555
13.3421	0.108555	0.109381
13.3518	0.109381	0.117193
13.3551	0.117193	0.11882
13.3568	0.11882	0.119935
13.358	0.119935	0.120917
13.3589	0.120917	0.121744
13.3687	0.121744	0.129556
13.372	0.129556	0.131182
13.3736	0.131182	0.132298
13.3748	0.132298	0.133307
13.3757	0.133307	0.134106
13.3881	0.134106	0.144518
13.3896	0.144518	0.143899
13.3908	0.143899	0.144858
13.3918	0.144858	0.145727
13.3994	0.145727	0.153217
13.4042	0.153217	0.154708
13.4064	0.154708	0.156261
13.4077	0.156261	0.157221
13.4086	0.157221	0.158089
13.4161	0.158089	0.165477
13.4218	0.165477	0.167574
13.4234	0.167574	0.168689
13.4246	0.168689	0.169671
13.4256	0.169671	0.170498
13.4353	0.170498	0.17831
13.4386	0.17831	0.179937
13.4403	0.179937	0.181052
13.4415	0.181052	0.182034
13.4424	0.182034	0.18286
13.4522	0.18286	0.190672
13.4555	0.190672	0.192326
13.4571	0.192326	0.193414
13.4583	0.193414	0.194397
13.4592	0.194397	0.195223
13.469	0.195223	0.203035
13.4723	0.203035	0.204662
13.474	0.204662	0.205777
13.4751	0.205777	0.206759
13.4761	0.206759	0.207585
13.4858	0.207585	0.215397
13.4892	0.215397	0.217024
13.4908	0.217024	0.218166
13.492	0.218166	0.219122
13.4929	0.219122	0.219948
13.5027	0.219948	0.22776
13.506	0.22776	0.229387
13.5076	0.229387	0.230502
13.5088	0.230502	0.231484
13.5169	0.231484	0.230498
13.5219	0.230498	0.232119
13.5241	0.232119	0.233672
13.5316	0.233672	0.240637
13.5437	0.240637	0.243801
13.5457	0.243801	0.241491
13.5587	0.241491	0.250963
13.5599	0.250963	0.25137
13.561	0.25137	0.252249
13.5707	0.252249	0.251057
13.5737	0.251057	0.252014
13.5834	0.252014	0.259232
13.5867	0.259232	0.260858
13.5884	0.260858	0.261973
13.5908	0.261973	0.255113
13.6042	0.255113	0.250435
13.6052	0.250435	0.250999
13.6061	0.250999	0.251801
13.6204	0.251801	0.249433
13.6214	0.249433	0.250312
13.6223	0.250312	0.251133
13.6353	0.251133	0.247207
13.6366	0.247207	0.248109
13.6376	0.248109	0.248953
13.645	0.248953	0.25629
13.6516	0.25629	0.250255
13.6527	0.250255	0.250965
13.6537	0.250965	0.251809
13.6611	0.251809	0.256876
13.668	0.256876	0.249586
13.669	0.249586	0.250441
13.6699	0.250441	0.251238
13.6833	0.251238	0.245993
13.6843	0.245993	0.246608
13.6853	0.246608	0.247434
13.6995	0.247434	0.245108
13.7006	0.245108	0.24596
13.7015	0.24596	0.246781
13.7148	0.246781	0.243896
13.7159	0.243896	0.244487
13.7168	0.244487	0.245289
13.7282	0.245289	0.254271
13.7309	0.254271	0.244346
13.732	0.244346	0.245139
13.7329	0.245139	0.24596
13.7446	0.24596	0.253768
13.7471	0.253768	0.243782
13.748	0.243782	0.244557
13.7578	0.244557	0.251745
13.792	0.251745	0.260387
13.7938	0.260387	0.261466
13.8036	0.261466	0.26118
13.8291	0.26118	0.279957
13.8311	0.279957	0.280874
13.8323	0.280874	0.281867
13.8341	0.281867	0.275447
13.8415	0.275447	0.282495
13.8476	0.282495	0.285127
13.8491	0.285127	0.286337
13.8501	0.286337	0.287234
13.851	0.287234	0.288063
13.8597	0.288063	0.293765
13.8848	0.293765	0.314092
13.8941	0.314092	0.309953
13.895	0.309953	0.310369
13.8959	0.310369	0.311226
13.9074	0.311226	0.320663
13.9272	0.320663	0.313968
13.9341	0.313968	0.317108
13.9352	0.317108	0.317981
13.936	0.317981	0.318787
13.9488	0.318787	0.325203
13.9502	0.325203	0.326059
13.9512	0.326059	0.326956
13.9634	0.326956	0.326424
13.9651	0.326424	0.326141
13.9663	0.326141	0.327172
13.9705	0.327172	0.329505
13.9815	0.329505	0.333571
13.9837	0.333571	0.335194
13.9907	0.335194	0.337376
14.0013	0.337376	0.337253
14.0271	0.337253	0.333111
14.0285	0.333111	0.333993
14.036	0.333993	0.336461
14.0494	0.336461	0.319314
14.0571	0.319314	0.326135
14.0637	0.326135	0.317165
14.0649	0.317165	0.318169
14.0658	0.318169	0.319006
14.0782	0.319006	0.320427
14.0798	0.320427	0.320052
14.0809	0.320052	0.321031
14.0818	0.321031	0.321844
14.0961	0.321844	0.302192
14.0971	0.302192	0.303009
14.098	0.303009	0.303812
14.1089	0.303812	0.312168
14.1189	0.312168	0.303962
14.1232	0.303962	0.29327
14.1257	0.29327	0.294824
14.1381	0.294824	0.303671
14.1396	0.303671	0.304463
14.1407	0.304463	0.305442
14.148	0.305442	0.300475
14.1632	0.300475	0.299937
14.1643	0.299937	0.290851
14.1683	0.290851	0.28254
14.169	0.28254	0.283218
14.1788	0.283218	0.29124
14.1821	0.29124	0.293051
14.1838	0.293051	0.294223
14.1914	0.294223	0.297554
14.1971	0.297554	0.289275
14.2275	0.289275	0.300229
14.2382	0.300229	0.287655
14.239	0.287655	0.288048
14.2399	0.288048	0.288878
14.2512	0.288878	0.287779
14.2537	0.287779	0.289709
14.2552	0.289709	0.290919
14.2563	0.290919	0.291816
14.2695	0.291816	0.289041
14.2819	0.289041	0.299569
14.2831	0.299569	0.300535
14.2841	0.300535	0.301403
14.2917	0.301403	0.300794
14.3074	0.300794	0.298377
14.3241	0.298377	0.293836
14.3256	0.293836	0.294652
14.3268	0.294652	0.295656
14.3277	0.295656	0.296493
14.335	0.296493	0.298962
14.3411	0.298962	0.303528
14.3428	0.303528	0.304699
14.3503	0.304699	0.308063
14.3633	0.308063	0.310202
14.3663	0.310202	0.308987
14.3674	0.308987	0.309739
14.3714	0.309739	0.306968
14.3733	0.306968	0.308377
14.3808	0.308377	0.304999
14.3865	0.304999	0.306822
14.3883	0.306822	0.308149
14.4008	0.308149	0.30473
14.4028	0.30473	0.304632
14.4038	0.304632	0.30549
14.4112	0.30549	0.302239
14.4168	0.302239	0.30471
14.435	0.30471	0.296308
14.4361	0.296308	0.297126
14.437	0.297126	0.297963
14.4443	0.297963	0.296227
14.4524	0.296227	0.289245
14.4642	0.289245	0.296013
14.4661	0.296013	0.297316
14.4671	0.297316	0.298189
14.4748	0.298189	0.295629
14.5131	0.295629	0.304725
14.5217	0.304725	0.283492
14.5222	0.283492	0.282136
14.5329	0.282136	0.290266
14.5353	0.290266	0.291796
14.5368	0.291796	0.292982
14.5378	0.292982	0.293855
14.5387	0.293855	0.294661
14.5496	0.294661	0.302992
14.552	0.302992	0.304522
14.5599	0.304522	0.311818
14.5724	0.311818	0.301442
14.5746	0.301442	0.303065
14.5758	0.303065	0.304055
14.5768	0.304055	0.304937
14.5895	0.304937	0.304431
14.5909	0.304431	0.305287
14.592	0.305287	0.300327
14.6133	0.300327	0.303222
14.6148	0.303222	0.302895
14.616	0.302895	0.303885
14.6171	0.303885	0.304794
14.6244	0.304794	0.302091
14.6343	0.302091	0.299371
14.636	0.299371	0.294823
14.6372	0.294823	0.295836
14.6381	0.295836	0.296666
14.651	0.296666	0.300497
14.6522	0.300497	0.28887
14.6537	0.28887	0.29008
14.6613	0.29008	0.297386
14.667	0.297386	0.299881
14.6688	0.299881	0.301211
14.6707	0.301211	0.289637
14.6879	0.289637	0.276727
14.6902	0.276727	0.273387
14.7159	0.273387	0.298901
14.7333	0.298901	0.269122
14.7409	0.269122	0.274577
14.7419	0.274577	0.275355
14.7493	0.275355	0.282724
14.755	0.282724	0.285264
14.7567	0.285264	0.286409
14.7578	0.286409	0.287413
14.7653	0.287413	0.294738
14.7843	0.294738	0.30454
14.7864	0.30454	0.305522
14.7996	0.305522	0.3044
14.8029	0.3044	0.289722
14.8062	0.289722	0.291509
14.8078	0.291509	0.292657
14.809	0.292657	0.293637
14.8099	0.293637	0.294477
14.8196	0.294477	0.302448
14.8229	0.302448	0.304235
14.8302	0.304235	0.306808
14.8313	0.306808	0.2981
14.843	0.2981	0.306193
14.8453	0.306193	0.295723
14.8464	0.295723	0.29662
14.8473	0.29662	0.29745
14.8576	0.29745	0.297755
14.8619	0.297755	0.300798
14.8632	0.300798	0.301814
14.8749	0.301814	0.307229
14.8768	0.307229	0.308176
14.9023	0.308176	0.333496
14.9151	0.333496	0.325217
14.922	0.325217	0.330003
14.928	0.330003	0.314667
14.9316	0.314667	0.314428
14.9355	0.314428	0.311059
14.9425	0.311059	0.30694
14.95	0.30694	0.299021
14.9571	0.299021	0.302277
14.958	0.302277	0.303132
14.9592	0.303132	0.297943
14.9709	0.297943	0.303875
14.9729	0.303875	0.304161
14.9745	0.304161	0.3054
15.0143	0.3054	0.295282
15.0155	0.295282	0.296141
15.0165	0.296141	0.296999
15.0239	0.296999	0.304344
15.0289	0.304344	0.306329
15.031	0.306329	0.307901
15.0322	0.307901	0.308867
15.0332	0.308867	0.309725
15.043	0.309725	0.313714
15.0471	0.313714	0.310366
15.0608	0.310366	0.304466
15.0625	0.304466	0.305443
15.0635	0.305443	0.306316
15.0711	0.306316	0.305809
15.0778	0.305809	0.293451
15.0786	0.293451	0.29232
15.0799	0.29232	0.293373
15.0808	0.293373	0.294203
15.0987	0.294203	0.292481
15.0993	0.292481	0.279471
15.109	0.279471	0.286047
15.1141	0.286047	0.283541
15.1155	0.283541	0.284397
15.1166	0.284397	0.285294
15.1185	0.285294	0.275198
15.1303	0.275198	0.284403
15.1416	0.284403	0.283178
15.1436	0.283178	0.28415
15.1449	0.28415	0.285139
15.1459	0.285139	0.286022
15.1524	0.286022	0.277232
15.1545	0.277232	0.278831
15.1558	0.278831	0.279797
15.2196	0.279797	0.288079
15.2327	0.288079	0.282664
15.2471	0.282664	0.274448
15.2585	0.274448	0.282262
15.2607	0.282262	0.283885
15.2619	0.283885	0.284875
15.2629	0.284875	0.285757
15.2734	0.285757	0.271785
15.2767	0.271785	0.273572
15.2784	0.273572	0.274747
15.2795	0.274747	0.2757
15.2804	0.2757	0.276513
15.2901	0.276513	0.284511
15.2935	0.284511	0.286298
15.2951	0.286298	0.287446
15.2962	0.287446	0.288426
15.2971	0.288426	0.289239
15.3069	0.289239	0.297237
15.3102	0.297237	0.299034
15.3117	0.299034	0.299968
15.3186	0.299968	0.304149
15.3206	0.304149	0.305064
15.3345	0.305064	0.305612
15.37	0.305612	0.311589
15.3732	0.311589	0.308909
15.3738	0.308909	0.309037
15.385	0.309037	0.307122
15.3876	0.307122	0.309156
15.389	0.309156	0.310242
15.3899	0.310242	0.311029
15.409	0.311029	0.310287
15.4352	0.310287	0.320548
15.4501	0.320548	0.308033
15.4517	0.308033	0.307762
15.4587	0.307762	0.312696
15.4899	0.312696	0.270214
15.4929	0.270214	0.265051
15.4938	0.265051	0.265915
15.5036	0.265915	0.273911
15.5069	0.273911	0.275722
15.5085	0.275722	0.276894
15.5097	0.276894	0.277897
15.5106	0.277897	0.278735
15.5221	0.278735	0.288465
15.5241	0.288465	0.288685
15.5256	0.288685	0.289895
15.5266	0.289895	0.290792
15.5275	0.290792	0.291622
15.5385	0.291622	0.300004
15.5409	0.300004	0.301531
15.5424	0.301531	0.302741
15.5435	0.302741	0.303638
15.5444	0.303638	0.304468
15.5553	0.304468	0.312823
15.5578	0.312823	0.314377
15.5593	0.314377	0.315587
15.5662	0.315587	0.314361
15.5741	0.314361	0.315371
15.5775	0.315371	0.303297
15.5786	0.303297	0.304206
15.5835	0.304206	0.292097
15.5844	0.292097	0.292955
15.5919	0.292955	0.3003
15.5995	0.3003	0.292048
15.6078	0.292048	0.289136
15.6198	0.289136	0.281926
15.6273	0.281926	0.273675
15.6332	0.273675	0.276186
15.6347	0.276186	0.277372
15.6387	0.277372	0.268732
15.6445	0.268732	0.259573
15.6488	0.259573	0.23921
15.6499	0.23921	0.24005
15.6508	0.24005	0.240887
15.6606	0.240887	0.248909
15.6639	0.248909	0.25072
15.6655	0.25072	0.251892
15.6667	0.251892	0.252896
15.6677	0.252896	0.253733
15.6774	0.253733	0.251564
15.6808	0.251564	0.253402
15.6824	0.253402	0.254547
15.6836	0.254547	0.255551
15.6942	0.255551	0.266113
15.6958	0.266113	0.26062
15.7163	0.26062	0.276224
15.7238	0.276224	0.273701
15.7261	0.273701	0.270326
15.7273	0.270326	0.271329
15.7282	0.271329	0.272166
15.738	0.272166	0.280189
15.742	0.280189	0.282419
15.7519	0.282419	0.267061
15.7769	0.267061	0.279892
15.7784	0.279892	0.281078
15.7795	0.281078	0.281951
15.7803	0.281951	0.282757
15.7912	0.282757	0.291088
15.7937	0.291088	0.292618
15.7952	0.292618	0.293804
15.7962	0.293804	0.294677
15.8152	0.294677	0.29108
15.8286	0.29108	0.288383
15.8297	0.288383	0.2874
15.8307	0.2874	0.288258
15.843	0.288258	0.28863
15.8445	0.28863	0.288269
15.8457	0.288269	0.289259
15.8467	0.289259	0.290141
15.8892	0.290141	0.311691
15.9114	0.311691	0.314649
15.913	0.314649	0.313959
15.9321	0.313959	0.320993
15.9337	0.320993	0.322165
15.9349	0.322165	0.323169
15.9358	0.323169	0.324006
15.9489	0.324006	0.324124
15.9561	0.324124	0.328801
15.9622	0.328801	0.333353
15.9705	0.333353	0.331796
15.997	0.331796	0.352415
16.0115	0.352415	0.334101
16.018	0.334101	0.336958
16.0192	0.336958	0.337937
16.0201	0.337937	0.338751
16.0273	0.338751	0.341919
16.0403	0.341919	0.323851
16.0418	0.323851	0.32506
16.0428	0.32506	0.325957
16.0437	0.325957	0.326787
16.0555	0.326787	0.33083
16.0636	0.33083	0.337521
16.07	0.337521	0.340379
16.0712	0.340379	0.333241
16.0722	0.333241	0.334108
16.0783	0.334108	0.335442
16.0816	0.335442	0.328826
16.0827	0.328826	0.329806
16.0836	0.329806	0.330619
16.0954	0.330619	0.317553
16.1116	0.317553	0.318638
16.118	0.318638	0.306125
16.129	0.306125	0.310829
16.1306	0.310829	0.311977
16.133	0.311977	0.304352
16.1425	0.304352	0.312109
16.1475	0.312109	0.304479
16.1497	0.304479	0.306102
16.1509	0.306102	0.307092
16.1584	0.307092	0.290818
16.1596	0.290818	0.270198
16.1606	0.270198	0.271071
16.1615	0.271071	0.271903
16.1724	0.271903	0.280208
16.1748	0.280208	0.281747
16.181	0.281747	0.268708
16.1862	0.268708	0.270813
16.1877	0.270813	0.27008
16.2	0.27008	0.266682
16.2018	0.266682	0.267683
16.2028	0.267683	0.26858
16.2147	0.26858	0.265773
16.2238	0.265773	0.261589
16.2254	0.261589	0.262758
16.2264	0.262758	0.26364
16.2293	0.26364	0.258799
16.2538	0.258799	0.251417
16.2553	0.251417	0.251089
16.2565	0.251089	0.252079
16.2575	0.252079	0.252961
16.2649	0.252961	0.26033
16.2699	0.26033	0.262312
16.2959	0.262312	0.287891
16.2975	0.287891	0.278873
16.2984	0.278873	0.279454
16.2993	0.279454	0.28026
16.3204	0.28026	0.290736
16.3213	0.290736	0.289708
16.3224	0.289708	0.290545
16.3346	0.290545	0.294262
16.3373	0.294262	0.281623
16.3385	0.281623	0.282448
16.3395	0.282448	0.28333
16.3479	0.28333	0.284371
16.3543	0.284371	0.288671
16.3559	0.288671	0.289819
16.3573	0.289819	0.287259
16.3582	0.287259	0.288007
16.3738	0.288007	0.280881
16.3747	0.280881	0.281718
16.3944	0.281718	0.28282
16.4012	0.28282	0.284017
16.4027	0.284017	0.285227
16.4038	0.285227	0.286151
16.4113	0.286151	0.282328
16.423	0.282328	0.289996
16.4254	0.289996	0.290883
16.4265	0.290883	0.291887
16.4398	0.291887	0.292539
16.4485	0.292539	0.289904
16.4554	0.289904	0.282995
16.4564	0.282995	0.283853
16.4638	0.283853	0.28894
16.5047	0.28894	0.304496
16.5061	0.304496	0.303704
16.507	0.303704	0.304541
16.5185	0.304541	0.305697
16.5205	0.305697	0.301924
16.5303	0.301924	0.309545
16.54	0.309545	0.314446
16.5443	0.314446	0.314995
16.5483	0.314995	0.293715
16.5495	0.293715	0.294539
16.5505	0.294539	0.295421
16.558	0.295421	0.302816
16.5644	0.302816	0.305699
16.5657	0.305699	0.306689
16.5667	0.306689	0.307571
16.5741	0.307571	0.314939
16.5798	0.314939	0.313335
16.5879	0.313335	0.290397
16.5944	0.290397	0.293266
16.5956	0.293266	0.294246
16.5965	0.294246	0.295059
16.6062	0.295059	0.303058
16.6096	0.303058	0.304871
16.6112	0.304871	0.305992
16.6123	0.305992	0.306972
16.6245	0.306972	0.30248
16.6262	0.30248	0.302321
16.6339	0.302321	0.299605
16.6387	0.299605	0.301818
16.6543	0.301818	0.315773
16.6563	0.315773	0.307772
16.6598	0.307772	0.305501
16.6618	0.305501	0.306418
16.6694	0.306418	0.30371
16.6806	0.30371	0.285334
16.6826	0.285334	0.286305
16.7069	0.286305	0.295573
16.7195	0.295573	0.296426
16.7203	0.296426	0.295292
16.7215	0.295292	0.296296
16.729	0.296296	0.303621
16.7366	0.303621	0.294612
16.7443	0.294612	0.301877
16.7544	0.301877	0.305985
16.7733	0.305985	0.309491
16.7742	0.309491	0.308452
16.7753	0.308452	0.309349
16.7762	0.309349	0.310179
16.7859	0.310179	0.298695
16.7892	0.298695	0.300506
16.7909	0.300506	0.301677
16.792	0.301677	0.302681
16.7946	0.302681	0.302551
16.7959	0.302551	0.291101
16.7969	0.291101	0.291974
16.7978	0.291974	0.292807
16.8102	0.292807	0.302208
16.8181	0.302208	0.299582
16.8416	0.299582	0.309728
16.8429	0.309728	0.310718
16.8439	0.310718	0.3116
16.8555	0.3116	0.313706
16.8699	0.313706	0.311265
16.8709	0.311265	0.312058
16.8784	0.312058	0.313925
16.885	0.313925	0.308968
16.8862	0.308968	0.309945
16.9004	0.309945	0.310652
16.9021	0.310652	0.307657
16.9157	0.307657	0.304549
16.9227	0.304549	0.296345
16.9239	0.296345	0.297146
16.9249	0.297146	0.298028
16.9322	0.298028	0.298295
16.9438	0.298295	0.306631
16.9558	0.306631	0.299791
16.9581	0.299791	0.300293
16.9865	0.300293	0.305943
17.0096	0.305943	0.2998
17.0108	0.2998	0.300751
17.0117	0.300751	0.301609
17.0192	0.301609	0.308954
17.0241	0.308954	0.310912
17.0263	0.310912	0.312511
17.0275	0.312511	0.313477
17.0285	0.313477	0.314362
17.0359	0.314362	0.32168
17.042	0.32168	0.321085
17.0465	0.321085	0.317581
17.0531	0.317581	0.314687
17.0597	0.314687	0.315157
17.0616	0.315157	0.315378
17.0631	0.315378	0.316587
17.0704	0.316587	0.314291
17.0774	0.314291	0.307218
17.0818	0.307218	0.307664
17.0847	0.307664	0.3095
17.0973	0.3095	0.309715
17.099	0.309715	0.309474
17.1002	0.309474	0.310471
17.1138	0.310471	0.305999
17.1163	0.305999	0.297466
17.1173	0.297466	0.298348
17.1214	0.298348	0.300751
17.1247	0.300751	0.289173
17.1264	0.289173	0.290321
17.1275	0.290321	0.2913
17.1373	0.2913	0.299254
17.1457	0.299254	0.290112
17.1521	0.290112	0.292978
17.1692	0.292978	0.299237
17.1898	0.299237	0.304753
17.1905	0.304753	0.297097
17.1976	0.297097	0.297028
17.2068	0.297028	0.291139
17.2135	0.291139	0.293564
17.215	0.293564	0.294774
17.2161	0.294774	0.295697
17.2223	0.295697	0.299243
17.2382	0.299243	0.303418
17.2442	0.303418	0.306005
17.2457	0.306005	0.307215
17.247	0.307215	0.303125
17.2479	0.303125	0.303955
17.2567	0.303955	0.300197
17.2587	0.300197	0.301115
17.2701	0.301115	0.310446
17.2714	0.310446	0.309556
17.2897	0.309556	0.299974
17.2954	0.299974	0.302417
17.2972	0.302417	0.297784
17.2983	0.297784	0.298682
17.2992	0.298682	0.299511
17.3101	0.299511	0.300511
17.3129	0.300511	0.302299
17.3143	0.302299	0.303448
17.3212	0.303448	0.300294
17.3227	0.300294	0.301503
17.3238	0.301503	0.299564
17.3312	0.299564	0.304942
17.3378	0.304942	0.299985
17.339	0.299985	0.300965
17.3399	0.300965	0.297848
17.3576	0.297848	0.30452
17.3637	0.30452	0.30629
17.3661	0.30629	0.305998
17.3903	0.305998	0.305618
17.3934	0.305618	0.295282
17.3946	0.295282	0.296248
17.4012	0.296248	0.287329
17.4033	0.287329	0.288989
17.4046	0.288989	0.289953
17.4286	0.289953	0.303815
17.4356	0.303815	0.298314
17.4368	0.298314	0.295218
17.4529	0.295218	0.304109
17.4549	0.304109	0.304371
17.4565	0.304371	0.304165
17.4684	0.304165	0.298839
17.4717	0.298839	0.300626
17.4734	0.300626	0.3018
17.4841	0.3018	0.312441
17.4848	0.312441	0.295051
17.5081	0.295051	0.311938
17.5086	0.311938	0.310995
17.5093	0.310995	0.308561
17.5103	0.308561	0.309443
17.5218	0.309443	0.3083
17.5241	0.3083	0.309963
17.5253	0.309963	0.310967
17.5419	0.310967	0.303702
17.5485	0.303702	0.307511
17.5496	0.307511	0.308442
17.5506	0.308442	0.30934
17.5515	0.30934	0.310169
17.5625	0.310169	0.318525
17.565	0.318525	0.320085
17.5833	0.320085	0.324791
17.5905	0.324791	0.320305
17.5921	0.320305	0.321477
17.6009	0.321477	0.318258
17.6037	0.318258	0.313471
17.6095	0.313471	0.31573
17.6119	0.31573	0.3164
17.625	0.3164	0.313155
17.6263	0.313155	0.314145
17.634	0.314145	0.312864
17.6415	0.312864	0.303733
17.6425	0.303733	0.304548
17.6547	0.304548	0.297135
17.6564	0.297135	0.296784
17.6575	0.296784	0.297787
17.6585	0.297787	0.298651
17.6666	0.298651	0.302893
17.6776	0.302893	0.291484
17.7265	0.291484	0.325353
17.7328	0.325353	0.303954
17.7338	0.303954	0.304836
17.7412	0.304836	0.312205
17.7462	0.312205	0.314187
17.7484	0.314187	0.31581
17.7497	0.31581	0.3168
17.7634	0.3168	0.310492
17.7656	0.310492	0.312053
17.7666	0.312053	0.31295
17.7675	0.31295	0.31378
17.78	0.31378	0.323232
17.7843	0.323232	0.315947
17.786	0.315947	0.317149
17.7936	0.317149	0.308791
17.8001	0.308791	0.30757
17.8021	0.30757	0.308542
17.8033	0.308542	0.295187
17.8162	0.295187	0.3048
17.8175	0.3048	0.305629
17.8186	0.305629	0.306526
17.8315	0.306526	0.306661
17.8333	0.306661	0.307632
17.8405	0.307632	0.298637
17.8455	0.298637	0.302568
17.8479	0.302568	0.304098
17.8557	0.304098	0.307273
17.8626	0.307273	0.298148
17.8637	0.298148	0.299046
17.8646	0.299046	0.299902
17.8814	0.299902	0.316696
17.8879	0.316696	0.301384
17.8894	0.301384	0.300992
17.8906	0.300992	0.301982
17.9024	0.301982	0.280539
17.9106	0.280539	0.283345
17.9224	0.283345	0.286509
17.9328	0.286509	0.295688
17.9358	0.295688	0.293325
17.9383	0.293325	0.282949
17.9393	0.282949	0.283858
17.9467	0.283858	0.291199
17.9532	0.291199	0.294287
17.9544	0.294287	0.28779
17.9554	0.28779	0.288657
17.9651	0.288657	0.288359
17.973	0.288359	0.29496
17.9737	0.29496	0.247191
17.9762	0.247191	0.249164
17.9773	0.249164	0.250144
17.9783	0.250144	0.250957
17.988	0.250957	0.258982
17.9913	0.258982	0.260742
17.9929	0.260742	0.26189
17.9941	0.26189	0.26287
17.995	0.26287	0.263724
18.0075	0.263724	0.273152
18.009	0.273152	0.273944
18.0101	0.273944	0.274924
18.011	0.274924	0.275737
18.0183	0.275737	0.279758
18.0283	0.279758	0.285526
18.0406	0.285526	0.280913
18.0596	0.280913	0.296236
18.0685	0.296236	0.291007
18.0802	0.291007	0.295822
18.0883	0.295822	0.294638
18.0953	0.294638	0.299734
18.1018	0.299734	0.299891
18.1097	0.299891	0.307242
18.111	0.307242	0.308232
18.1187	0.308232	0.302453
18.1253	0.302453	0.30539
18.1351	0.30539	0.313227
18.1426	0.313227	0.302097
18.1492	0.302097	0.306916
18.1508	0.306916	0.308087
18.152	0.308087	0.306507
18.1545	0.306507	0.298296
18.1556	0.298296	0.299193
18.1565	0.299193	0.300023
18.1697	0.300023	0.288292
18.1712	0.288292	0.289173
18.1722	0.289173	0.290082
18.1796	0.290082	0.291708
18.1857	0.291708	0.294648
18.1871	0.294648	0.295503
18.1882	0.295503	0.2964
18.1891	0.2964	0.29723
18.2209	0.29723	0.329061
18.2479	0.329061	0.325563
18.2556	0.325563	0.319701
18.2567	0.319701	0.320541
18.2577	0.320541	0.321378
18.2675	0.321378	0.329427
18.2715	0.329427	0.33159
18.2792	0.33159	0.332451
18.2997	0.332451	0.331617
18.3135	0.331617	0.325449
18.3147	0.325449	0.324576
18.3224	0.324576	0.314891
18.3237	0.314891	0.314092
18.3246	0.314092	0.31493
18.3462	0.31493	0.317947
18.3529	0.317947	0.323149
18.3609	0.323149	0.318913
18.3614	0.318913	0.319312
18.3732	0.319312	0.312682
18.3751	0.312682	0.313624
18.3764	0.313624	0.314614
18.3774	0.314614	0.315496
18.3897	0.315496	0.318205
18.3919	0.318205	0.319828
18.3932	0.319828	0.320844
18.3942	0.320844	0.3217
18.4016	0.3217	0.321419
18.4073	0.321419	0.323888
18.4195	0.323888	0.322924
18.421	0.322924	0.32377
18.4222	0.32377	0.324773
18.4296	0.324773	0.327817
18.4416	0.327817	0.31634
18.4503	0.31634	0.307722
18.4762	0.307722	0.306507
18.4773	0.306507	0.307101
18.4782	0.307101	0.307931
18.4973	0.307931	0.315991
18.4983	0.315991	0.312475
18.51	0.312475	0.289099
18.511	0.289099	0.289981
18.5185	0.289981	0.297349
18.5242	0.297349	0.275868
18.5258	0.275868	0.276714
18.527	0.276714	0.277745
18.5279	0.277745	0.278555
18.5376	0.278555	0.286577
18.541	0.286577	0.288388
18.549	0.288388	0.295597
18.5547	0.295597	0.294116
18.5563	0.294116	0.288874
18.5628	0.288874	0.283634
18.5652	0.283634	0.285348
18.5663	0.285348	0.286328
18.5672	0.286328	0.287141
18.5754	0.287141	0.286547
18.5781	0.286547	0.288308
18.5949	0.288308	0.281461
18.608	0.281461	0.292078
18.6088	0.292078	0.286461
18.6102	0.286461	0.287606
18.6112	0.287606	0.288443
18.6246	0.288443	0.292804
18.631	0.292804	0.295625
18.6387	0.295625	0.292909
18.6448	0.292909	0.29644
18.6522	0.29644	0.291351
18.6649	0.291351	0.291761
18.6714	0.291761	0.294814
18.6726	0.294814	0.295616
18.6803	0.295616	0.292071
18.6863	0.292071	0.294393
18.6987	0.294393	0.290229
18.7002	0.290229	0.291051
18.7013	0.291051	0.282021
18.7047	0.282021	0.284463
18.7056	0.284463	0.285292
18.7184	0.285292	0.28724
18.7198	0.28724	0.288095
18.7208	0.288095	0.288993
18.7217	0.288993	0.289822
18.7432	0.289822	0.300261
18.7751	0.300261	0.296493
18.7761	0.296493	0.297367
18.777	0.297367	0.298172
18.7879	0.298172	0.30653
18.7903	0.30653	0.308034
18.7918	0.308034	0.309219
18.7928	0.309219	0.310092
18.8002	0.310092	0.317417
18.8116	0.317417	0.311033
18.8132	0.311033	0.312205
18.83	0.312205	0.318826
18.8309	0.318826	0.317742
18.8321	0.317742	0.313606
18.833	0.313606	0.314445
18.842	0.314445	0.304359
18.8489	0.304359	0.30747
18.8577	0.30747	0.308376
18.8828	0.308376	0.328081
18.8942	0.328081	0.323573
18.9018	0.323573	0.32645
18.9105	0.32645	0.332173
18.9197	0.332173	0.324302
18.9254	0.324302	0.326772
18.927	0.326772	0.327944
18.9344	0.327944	0.326417
18.941	0.326417	0.329387
18.9422	0.329387	0.330364
18.9496	0.330364	0.327709
18.9546	0.327709	0.328698
18.9568	0.328698	0.330321
18.958	0.330321	0.327061
18.9656	0.327061	0.33444
18.971	0.33444	0.326195
18.9887	0.326195	0.317282
18.9955	0.317282	0.321771
19.0031	0.321771	0.322753
19.0092	0.322753	0.322796
19.0107	0.322796	0.323585
19.0221	0.323585	0.323068
19.0258	0.323068	0.324996
19.0273	0.324996	0.326206
19.0284	0.326206	0.323685
19.0417	0.323685	0.32154
19.0428	0.32154	0.320626
19.0564	0.320626	0.309993
19.0578	0.309993	0.310849
19.0589	0.310849	0.292005
19.0663	0.292005	0.299347
19.0713	0.299347	0.301329
19.0735	0.301329	0.302952
19.0747	0.302952	0.303942
19.0757	0.303942	0.304824
19.0878	0.304824	0.299869
19.0949	0.299869	0.294637
19.0959	0.294637	0.295435
19.1143	0.295435	0.302134
19.1189	0.302134	0.288907
19.123	0.288907	0.291951
19.1244	0.291951	0.29278
19.1319	0.29278	0.300086
19.1512	0.300086	0.302269
19.1524	0.302269	0.301364
19.1605	0.301364	0.302629
19.1649	0.302629	0.282141
19.1678	0.282141	0.28441
19.169	0.28441	0.2854
19.17	0.2854	0.286282
19.1772	0.286282	0.289747
19.2023	0.289747	0.314595
19.2121	0.314595	0.301595
19.2146	0.301595	0.303441
19.2156	0.303441	0.304323
19.2289	0.304323	0.30694
19.2358	0.30694	0.308775
19.2425	0.308775	0.306297
19.2442	0.306297	0.302936
19.2454	0.302936	0.303916
19.253	0.303916	0.303349
19.2593	0.303349	0.30464
19.2671	0.30464	0.301513
19.274	0.301513	0.302925
19.2749	0.302925	0.301909
19.276	0.301909	0.302806
19.2769	0.302806	0.303636
19.2925	0.303636	0.300824
19.2945	0.300824	0.30111
19.296	0.30111	0.302319
19.3048	0.302319	0.309289
19.319	0.309289	0.296885
19.3201	0.296885	0.297403
19.321	0.297403	0.298243
19.3307	0.298243	0.306215
19.3466	0.306215	0.304123
19.3526	0.304123	0.30081
19.3541	0.30081	0.302019
19.3612	0.302019	0.294899
19.3628	0.294899	0.294589
19.364	0.294589	0.295568
19.3649	0.295568	0.293598
19.378	0.293598	0.292283
19.3948	0.292283	0.302126
19.4076	0.302126	0.293243
19.4091	0.293243	0.292916
19.4104	0.292916	0.293906
19.4179	0.293906	0.301249
19.4243	0.301249	0.292417
19.4369	0.292417	0.285214
19.4391	0.285214	0.286837
19.4405	0.286837	0.28792
19.4415	0.28792	0.288757
19.4433	0.288757	0.282473
19.4443	0.282473	0.278967
19.4582	0.278967	0.279052
19.4659	0.279052	0.263597
19.4793	0.263597	0.263675
19.4801	0.263675	0.264137
19.4875	0.264137	0.271481
19.4925	0.271481	0.27344
19.4946	0.27344	0.275039
19.4959	0.275039	0.276004
19.4968	0.276004	0.276889
19.5042	0.276889	0.284207
19.5092	0.284207	0.286166
19.5114	0.286166	0.287764
19.5231	0.287764	0.291185
19.5344	0.291185	0.290214
19.5371	0.290214	0.283403
19.5383	0.283403	0.284406
19.5465	0.284406	0.279374
19.5531	0.279374	0.284006
19.5546	0.284006	0.285192
19.5559	0.285192	0.281908
19.5688	0.281908	0.276343
19.5766	0.276343	0.283501
19.5828	0.283501	0.277993
19.5928	0.277993	0.277603
19.5955	0.277603	0.276012
19.5977	0.276012	0.277611
19.6058	0.277611	0.274863
19.6066	0.274863	0.275631
19.6278	0.275631	0.283766
19.6295	0.283766	0.282886
19.6314	0.282886	0.277254
19.6337	0.277254	0.272487
19.6347	0.272487	0.273167
19.6423	0.273167	0.279486
19.6548	0.279486	0.273346
19.656	0.273346	0.261178
19.657	0.261178	0.262036
19.6644	0.262036	0.26938
19.6694	0.26938	0.271365
19.6715	0.271365	0.272938
19.6727	0.272938	0.273904
19.6737	0.273904	0.274762
19.6842	0.274762	0.27651
19.6972	0.27651	0.279272
19.7038	0.279272	0.282387
19.705	0.282387	0.283235
19.706	0.283235	0.284118
19.7256	0.284118	0.291739
19.732	0.291739	0.294891
19.7334	0.294891	0.295774
19.7542	0.295774	0.299895
19.7567	0.299895	0.290777
19.7576	0.290777	0.291175
19.7651	0.291175	0.298523
19.7694	0.298523	0.300296
19.7724	0.300296	0.292813
19.779	0.292813	0.295759
19.7924	0.295759	0.288183
19.7936	0.288183	0.287259
19.7946	0.287259	0.288117
19.802	0.288117	0.292816
19.8639	0.292816	0.32684
19.8656	0.32684	0.328235
19.8795	0.328235	0.324568
19.8926	0.324568	0.321927
19.894	0.321927	0.32115
19.8949	0.32115	0.32198
19.9074	0.32198	0.328818
19.9094	0.328818	0.329104
19.9109	0.329104	0.330313
19.912	0.330313	0.331237
19.9209	0.331237	0.328087
19.9264	0.328087	0.330977
19.9397	0.330977	0.332217
19.9404	0.332217	0.312586
19.9416	0.312586	0.313553
19.9425	0.313553	0.314411
19.95	0.314411	0.321755
19.9564	0.321755	0.324641
19.9576	0.324641	0.32556
19.9703	0.32556	0.326482
19.9816	0.326482	0.325303
19.9839	0.325303	0.325776
19.9852	0.325776	0.326766
19.9862	0.326766	0.327648
19.9985	0.327648	0.327823
20	0.327823	0.328447
