2.10701	12
2.10721	5
2.21398	4
2.22513	5
2.22531	5
2.22966	5
2.23107	5
2.24107	6
2.33152	5
2.33246	5
2.33326	5
2.34408	5
2.34641	5
2.34782	5
2.34876	5
2.34958	10
2.36095	5
2.37095	6
2.44708	5
2.44817	5
2.44902	5
2.4661	6
2.46788	5
2.46882	5
2.46976	5
2.47055	5
2.4814	10
2.48372	5
2.5089	10
2.54868	7
2.54959	7
2.56732	7
2.57611	7
2.57728	7
2.57818	7
2.58553	7
2.5918	7
2.59295	12
2.5938	7
2.60111	7
2.60678	7
2.60758	7
2.64498	8
2.66043	7
2.66854	7
2.67822	7
2.68147	7
2.6832	7
2.68419	12
2.68498	7
2.69582	7
2.69793	5
2.69888	7
2.69984	7
2.70066	7
2.70745	5
2.71152	7
2.71427	7
2.71547	7
2.71643	7
2.72383	7
2.73021	12
2.73137	7
2.7323	7
2.73967	7
2.74528	7
2.74686	7
2.74798	7
2.74885	7
2.75615	7
2.78081	7
2.78247	7
2.7835	12
2.78434	7
2.79605	7
2.79845	7
2.79938	7
2.80675	7
2.81166	7
2.8138	7
2.81499	7
2.81592	7
2.81642	12
2.82342	12
2.8293	7
2.83076	7
2.83174	7
2.83259	7
2.84558	7
2.84667	7
2.84761	7
2.85498	7
2.86058	7
2.86215	7
2.86329	12
2.86412	7
2.87642	5
2.87661	7
2.87803	7
2.87919	7
2.88009	7
2.88719	5
2.89146	7
2.89342	7
2.89491	7
2.89593	7
2.89681	7
2.90923	12
2.91101	7
2.91206	7
2.91296	7
2.92266	7
2.92599	7
2.92763	7
2.92881	7
2.92974	7
2.9421	7
2.94373	7
2.94491	12
2.94579	7
2.95806	7
2.95969	7
2.96087	7
2.9618	7
2.96916	7
2.97523	7
2.97671	7
2.97757	7
2.98898	7
2.99095	12
2.9925	7
2.99347	7
3.00088	7
3.00499	7
3.00839	7
3.00944	7
3.01034	7
3.02127	7
3.02371	7
3.02523	7
3.0263	12
3.02718	7
3.034	5
3.03992	7
3.04132	7
3.04237	7
3.04327	7
3.05009	5
3.05501	7
3.05698	7
3.05822	7
3.05921	7
3.0668	7
3.07283	12
3.0743	7
3.07532	7
3.0762	7
3.08792	7
3.09	7
3.09116	7
3.09206	7
3.10179	7
3.1051	7
3.10672	7
3.1079	12
3.10879	7
3.12163	7
3.12299	7
3.124	7
3.12487	7
3.13779	7
3.13915	7
3.14012	7
3.14753	7
3.15331	7
3.15485	12
3.15604	7
3.15694	7
3.16844	7
3.17077	7
3.17201	7
3.17301	7
3.18044	7
3.18691	7
3.18813	7
3.1891	7
3.1965	5
3.19671	12
3.20227	7
3.20406	7
3.20868	15
3.21102	15
3.2122	15
3.21313	15
3.21736	19
3.21888	19
3.22863	23
3.23196	23
3.23998	36
3.24183	39
3.25496	43
3.25584	43
3.25702	43
3.25795	43
3.26771	43
3.27133	43
3.273	43
3.2839	47
3.28632	47
3.28784	52
3.28884	47
3.29204	51
3.2932	51
3.2941	51
3.30502	55
3.31377	59
3.32537	67
3.331	67
3.33261	67
3.33376	67
3.34627	76
3.34774	71
3.3489	71
3.3498	71
3.35727	75
3.36486	83
3.36927	87
3.3704	87
3.37128	87
3.38218	87
3.38461	87
3.38613	92
3.38695	87
3.3917	87
3.39934	87
3.40229	87
3.41496	87
3.4263	87
3.42819	87
3.44101	87
3.44238	87
3.44991	87
3.45643	92
3.45743	87
3.46151	87
3.46303	87
3.46408	87
3.47679	87
3.47815	87
3.47916	87
3.48528	87
3.50006	87
3.50374	87
3.51811	92
3.52501	87
3.53512	88
3.53564	88
3.54271	87
3.54524	87
3.55471	87
3.56803	5
3.5686	87
3.57202	87
3.58818	87
3.5941	87
3.60775	92
3.60907	5
3.60951	5
3.61656	87
3.61829	87
3.63013	87
3.63131	87
3.6468	5
3.65326	5
3.65383	87
3.66682	87
3.69322	88
3.70405	88
3.70822	88
3.71232	5
3.72279	88
3.73612	92
3.75231	87
3.75593	87
3.7569	87
3.76431	87
3.76925	87
3.77143	87
3.77265	87
3.77362	87
3.78103	87
3.78783	87
3.79786	93
3.81619	88
3.82433	87
3.83434	88
3.83786	87
3.83887	87
3.83974	87
3.84996	88
3.86496	88
3.8733	87
3.87462	87
3.87558	92
3.88864	87
3.89029	87
3.8915	87
3.8924	87
3.92387	87
3.96127	87
3.9752	87
3.98263	87
3.9876	87
3.99014	87
3.99116	92
3.99201	87
4.00292	87
4.00589	87
4.01341	87
4.02569	87
4.03312	87
4.06372	90
4.06611	87
4.08481	87
4.08582	87
4.08675	92
4.09574	5
4.10166	87
4.10344	87
4.10471	87
4.11168	5
4.11225	87
4.11787	87
4.13444	87
4.13565	87
4.13656	87
4.17094	87
4.18741	87
4.20287	92
4.20375	87
4.21348	87
4.2172	87
4.21854	87
4.21955	87
4.22696	87
4.23191	87
4.23423	87
4.23538	87
4.23629	87
4.25343	93
4.25436	87
4.26757	88
4.27354	87
4.27506	87
4.28892	87
4.28983	87
4.32146	87
4.32296	87
4.32411	87
4.32502	87
4.33576	92
4.34231	87
4.34356	87
4.34455	87
4.35503	87
4.36349	87
4.36465	87
4.36555	87
4.37944	87
4.41084	87
4.42389	87
4.42496	92
4.42584	87
4.44332	5
4.45109	87
4.45225	87
4.45322	87
4.46019	5
4.46075	87
4.46669	87
4.46821	87
4.46926	87
4.47016	87
4.48428	87
4.4852	92
4.48635	87
4.48728	87
4.50046	87
4.54684	87
4.55326	87
4.55448	87
4.55545	87
4.56286	87
4.56925	87
4.57041	87
4.57141	92
4.57879	87
4.5888	88
4.58958	87
4.5907	87
4.59163	87
4.60139	87
4.60472	87
4.60636	87
4.60754	87
4.60841	87
4.61574	92
4.63147	88
4.64608	90
4.65008	87
4.65132	87
4.65472	87
4.67687	87
4.67851	87
4.67969	87
4.68062	87
4.69641	87
4.69809	92
4.69924	87
4.70017	87
4.70969	5
4.71026	87
4.71666	87
4.71778	87
4.71872	87
4.72526	5
4.73363	87
4.73524	87
4.75127	87
4.75228	87
4.77761	93
4.78273	87
4.78437	87
4.78559	87
4.78649	87
4.80488	87
4.8064	87
4.80758	87
4.80851	87
4.82168	87
4.82253	87
4.82372	92
4.8246	87
4.83687	87
4.83833	87
4.83955	87
4.84052	87
4.84792	87
4.86223	88
4.86325	88
4.86533	87
4.87976	87
4.881	92
4.88384	87
4.90522	87
4.90706	87
4.9083	87
4.9093	87
4.91673	87
4.92769	87
4.92894	87
4.92993	87
4.93736	87
4.94386	92
4.94506	87
4.94603	87
4.953	5
4.95356	87
4.95838	87
4.9609	87
4.96193	87
4.96864	5
4.96921	87
4.97782	87
4.98285	87
4.98564	87
5.00488	92
5.01239	87
5.0146	87
5.01587	87
5.0168	87
5.03384	87
5.03604	87
5.03736	87
5.0383	87
5.05177	87
5.05326	87
5.05448	92
5.06213	87
5.06806	87
5.06963	87
5.0706	87
5.07795	87
5.08617	87
5.08767	87
5.0887	87
5.09929	88
5.09981	88
5.10441	92
5.12066	87
5.12223	87
5.12322	87
5.13558	87
5.14154	87
5.14318	87
5.14436	87
5.14529	87
5.15774	87
5.15924	87
5.16051	92
5.16148	87
5.17043	5
5.171	87
5.17737	87
5.17847	87
5.17937	87
5.18625	5
5.19096	87
5.19345	87
5.19457	87
5.1955	87
5.2208	88
5.22376	92
5.22483	87
5.22573	87
5.24195	87
5.24834	87
5.24953	87
5.25052	87
5.26403	87
5.27041	87
5.27166	87
5.27265	87
5.28026	92
5.28692	87
5.28792	87
5.2888	87
5.30237	87
5.30468	87
5.3059	87
5.30687	87
5.31427	87
5.3208	87
5.32211	87
5.32332	92
5.32422	87
5.33658	87
5.34327	87
5.34445	87
5.34538	87
5.35568	88
5.3562	88
5.36117	87
5.36368	87
5.36616	87
5.36718	92
5.37855	5
5.37911	87
5.38552	87
5.38662	87
5.38752	87
5.39505	5
5.39974	87
5.40369	87
5.40487	87
5.4058	87
5.41555	87
5.4197	87
5.42086	92
5.42176	87
5.43363	87
5.43888	87
5.4399	87
5.44078	87
5.45251	87
5.46279	87
5.46381	87
5.47124	87
5.48019	87
5.48125	92
5.4822	87
5.48961	87
5.49536	87
5.49686	87
5.49802	87
5.49892	87
5.50642	87
5.51236	87
5.51386	87
5.51488	87
5.52432	92
5.53061	87
5.53194	87
5.53286	87
5.5405	87
5.54645	87
5.54794	87
5.54896	87
5.5498	87
5.55908	5
5.56503	87
5.56656	87
5.56776	92
5.56867	87
5.57536	5
5.5858	88
5.58632	88
5.58799	87
5.58961	87
5.5908	87
5.59172	87
5.60416	87
5.60578	87
5.60693	87
5.60787	92
5.61534	87
5.62193	87
5.62312	87
5.62404	87
5.63822	87
5.63984	87
5.64099	87
5.6419	87
5.6544	87
5.65605	87
5.65725	92
5.65816	87
5.66532	87
5.67209	87
5.67325	87
5.67422	87
5.68163	87
5.68795	87
5.68924	87
5.69026	87
5.69114	87
5.70838	93
5.71055	87
5.71183	87
5.71282	87
5.72025	87
5.72703	87
5.72807	87
5.72897	87
5.73565	5
5.73622	87
5.74323	87
5.74447	87
5.74549	92
5.75246	5
5.75303	87
5.76119	87
5.76237	87
5.76337	87
5.7708	87
5.77758	87
5.77862	87
5.77952	87
5.79268	87
5.79374	87
5.79481	92
5.79569	87
5.80988	87
5.81112	87
5.81213	87
5.813	87
5.8292	87
5.83036	87
5.83133	87
5.83875	87
5.84441	87
5.84608	92
5.84723	87
5.84816	87
5.85965	87
5.86195	87
5.86317	87
5.86416	87
5.87165	87
5.87759	87
5.87909	87
5.88011	87
5.88771	92
5.89367	87
5.89519	87
5.89623	87
5.89714	87
5.90369	5
5.90958	87
5.9111	87
5.91231	87
5.91322	87
5.91976	5
5.92569	87
5.92719	87
5.92841	92
5.92926	87
5.94076	87
5.94309	87
5.94433	87
5.94534	87
5.9569	87
5.95923	87
5.96052	87
5.96142	87
5.97288	87
5.97537	92
5.9765	87
5.97744	87
5.98893	87
5.99126	87
5.9925	87
5.99351	87
6.00336	87
6.0073	87
6.00861	87
6.0095	87
6.02268	92
6.02351	87
6.02466	87
6.02557	87
6.03272	87
6.03938	87
6.0406	87
6.04157	87
6.04898	87
6.05545	87
6.05667	87
6.05767	92
6.06461	5
6.06518	87
6.07142	87
6.07266	87
6.07371	87
6.07461	87
6.08101	5
6.08759	87
6.08883	87
6.08987	87
6.09078	87
6.10376	87
6.10498	92
6.10598	87
6.10686	87
6.11924	87
6.12089	87
6.12207	87
6.123	87
6.13545	87
6.13691	87
6.13812	87
6.13908	87
6.14666	92
6.153	87
6.15432	87
6.15525	87
6.16242	87
6.16897	87
6.17029	87
6.17122	87
6.18349	87
6.1853	87
6.18629	87
6.18719	92
6.20026	87
6.20111	87
6.20227	87
6.20317	87
6.21291	87
6.21662	87
6.21817	87
6.2191	87
6.22579	5
6.22886	87
6.23259	87
6.23415	92
6.23503	87
6.2417	5
6.24476	87
6.24836	87
6.24993	87
6.2509	87
6.25833	87
6.26411	87
6.26591	87
6.26685	87
6.27821	87
6.2802	92
6.28183	87
6.28273	87
6.29424	87
6.29665	87
6.29769	87
6.29865	87
6.3084	87
6.31214	87
6.31369	87
6.31459	87
6.32435	92
6.32763	87
6.32958	87
6.33045	87
6.3402	87
6.34381	87
6.3455	87
6.3464	87
6.35812	87
6.36027	87
6.36141	87
6.36224	92
6.37393	87
6.37608	87
6.37723	87
6.38422	5
6.38479	87
6.39032	87
6.39214	87
6.39321	87
6.40019	5
6.40076	87
6.4064	87
6.40807	87
6.40915	92
6.41652	87
6.42148	87
6.42382	87
6.42505	87
6.42588	87
6.43762	87
6.4398	87
6.44097	87
6.44838	87
6.45331	87
6.4555	92
6.45668	87
6.45764	87
6.4652	87
6.4717	87
6.47285	87
6.47376	87
6.48126	87
6.48765	87
6.48889	87
6.48988	87
6.49749	92
6.50382	87
6.50504	87
6.50601	87
6.51357	87
6.51969	87
6.52103	87
6.522	87
6.52957	87
6.53607	87
6.53716	87
6.5381	92
6.5449	5
6.5496	87
6.55223	87
6.55325	87
6.55413	87
6.5609	5
6.56651	87
6.56815	87
6.56933	87
6.57026	87
6.58182	87
6.58447	87
6.58554	92
6.58642	87
6.59963	87
6.6009	87
6.6018	87
6.60931	87
6.61584	87
6.61696	87
6.61789	87
6.62944	87
6.63207	87
6.63312	92
6.63397	87
6.64686	87
6.64822	87
6.64922	87
6.65003	87
6.66295	87
6.66431	87
6.66531	87
6.67274	87
6.67898	87
6.68026	92
6.68126	87
6.68214	87
6.69162	87
6.69599	87
6.69715	87
6.69805	87
6.70473	5
6.70779	87
6.712	87
6.71318	87
6.71411	87
6.7208	5
6.72389	92
6.72806	87
6.72921	87
6.73012	87
6.73985	87
6.74408	87
6.74526	87
6.74619	87
6.75355	87
6.76005	87
6.76129	87
6.76231	92
6.76972	87
6.77611	87
6.77733	87
6.7783	87
6.78571	87
6.7922	87
6.79323	87
6.79428	87
6.79518	87
6.80781	87
6.80929	92
6.81031	87
6.81121	87
6.8242	87
6.82558	87
6.82648	87
6.83363	87
6.84044	87
6.8416	87
6.84251	87
6.85566	87
6.8567	92
6.85769	87
6.85856	87
6.86494	5
6.87132	87
6.87265	87
6.87362	87
6.8806	5
6.88117	87
6.88723	87
6.88858	87
6.88958	87
6.89701	87
6.90357	92
6.90464	87
6.90555	87
6.91528	87
6.91887	87
6.92037	87
6.92139	87
6.92227	87
6.93466	87
6.9363	87
6.93748	87
6.93844	92
6.95086	87
6.9525	87
6.95369	87
6.95461	87
6.96705	87
6.96867	87
6.96982	87
6.97073	87
6.97804	87
6.98462	87
6.98589	92
6.98686	87
6.99444	87
7.00041	87
7.00193	87
7.00298	87
7.01057	87
7.01652	87
7.01801	87
7.01904	87
7.01992	87
7.02668	5
7.0323	92
7.0339	87
7.03505	87
7.03596	87
7.04279	5
7.04751	87
7.0498	87
7.05101	87
7.05197	87
7.05952	87
7.06602	87
7.06712	87
7.06806	92
7.07954	87
7.08187	87
7.08319	87
7.08412	87
7.09566	87
7.09796	87
7.09928	87
7.10017	87
7.10767	87
7.11365	87
7.11519	92
7.11623	87
7.12381	87
7.1302	87
7.13144	87
7.13244	87
7.13987	87
7.14626	87
7.14748	87
7.14845	87
7.16081	87
7.16246	92
7.16361	87
7.16454	87
7.17205	87
7.1784	87
7.1796	87
7.18056	87
7.18752	5
7.18809	87
7.19433	87
7.19553	87
7.19655	87
7.19745	92
7.20382	5
7.21053	87
7.21172	87
7.21271	87
7.22014	87
7.22662	87
7.22784	87
7.22881	87
7.23621	87
7.2426	87
7.24383	87
7.24491	92
7.24578	87
7.25889	87
7.26008	87
7.26107	87
7.26865	87
7.27495	87
7.27617	87
7.27714	87
7.28471	87
7.29103	87
7.2923	92
7.29326	87
7.29409	87
7.30648	87
7.30812	87
7.3093	87
7.31023	87
7.3234	87
7.32443	87
7.32545	87
7.32633	87
7.33866	92
7.34026	87
7.34142	87
7.34233	87
7.34872	5
7.35543	87
7.35632	87
7.35748	87
7.35838	87
7.36506	5
7.36811	87
7.37142	87
7.37324	87
7.37427	92
7.384	87
7.38762	87
7.38921	87
7.39021	87
7.40196	87
7.40393	87
7.40529	87
7.40614	87
7.41792	87
7.41986	87
7.42119	92
7.42207	87
7.4334	87
7.43572	87
7.43706	87
7.43797	87
7.4503	87
7.45182	87
7.45301	87
7.45388	87
7.4663	87
7.46802	92
7.46899	87
7.46988	87
7.47967	87
7.48331	87
7.48489	87
7.48589	87
7.49575	87
7.49936	87
7.50093	87
7.50192	87
7.50875	5
7.51177	92
7.51535	87
7.51692	87
7.51789	87
7.52496	5
7.52553	87
7.53169	87
7.53294	87
7.53383	87
7.54366	87
7.54776	87
7.54892	87
7.54985	92
7.55961	87
7.56325	87
7.56484	87
7.56584	87
7.5757	87
7.57934	87
7.58093	87
7.58193	87
7.59175	87
7.59578	87
7.59696	92
7.59792	87
7.60543	87
7.61106	87
7.61289	87
7.61391	87
7.62151	87
7.62714	87
7.62896	87
7.62994	87
7.63753	87
7.64344	92
7.6449	87
7.64593	87
7.6468	87
7.65919	87
7.66084	87
7.66202	87
7.66295	87
7.66979	5
7.67539	87
7.67699	87
7.67814	87
7.67906	92
7.68586	5
7.68643	87
7.69287	87
7.69417	87
7.69508	87
7.70662	87
7.70895	87
7.71019	87
7.71119	87
7.71877	87
7.72526	87
7.72645	92
7.72733	87
7.73483	87
7.74136	87
7.74254	87
7.74347	87
7.75592	87
7.75773	87
7.75877	87
7.75968	87
7.77291	87
7.77406	92
7.77494	87
7.78649	87
7.78897	87
7.79009	87
7.79102	87
7.80258	87
7.8052	87
7.80621	87
7.80708	87
7.8195	87
7.82115	92
7.82228	87
7.82318	87
7.83002	5
7.83058	87
7.8367	87
7.83819	87
7.83922	87
7.8401	87
7.84686	5
7.85245	87
7.85431	87
7.85528	87
7.86288	92
7.86854	87
7.87018	87
7.87136	87
7.87229	87
7.88474	87
7.88662	87
7.88761	87
7.89519	87
7.90169	87
7.90279	87
7.90372	92
7.911	87
7.91689	87
7.91853	87
7.91971	87
7.92064	87
7.93309	87
7.93474	87
7.93592	87
7.93685	87
7.9466	87
7.95063	92
7.95182	87
7.95279	87
7.9602	87
7.96669	87
7.96772	87
7.96877	87
7.96967	87
7.98277	87
7.9838	87
7.98485	87
7.98578	92
7.99215	5
7.99884	87
7.99992	87
8.00089	87
8.00786	5
8.00843	87
8.01493	87
8.01584	87
8.01681	87
8.02422	87
8.03027	87
8.03171	87
8.0327	92
8.04007	87
8.04671	87
8.04765	87
8.04864	87
8.05607	87
8.06214	87
8.06362	87
8.06462	87
8.07205	87
8.07865	87
8.07977	92
8.08065	87
8.09202	87
8.09454	87
8.09572	87
8.09665	87
8.1064	87
8.11081	87
8.11183	87
8.11273	87
8.12447	87
8.12687	92
8.12781	87
8.13522	87
8.13999	87
8.14281	87
8.14381	87
8.1508	5
8.15137	87
8.15621	87
8.15888	87
8.15985	87
8.16682	5
8.16738	87
8.17223	92
8.17471	87
8.17571	87
8.17658	87
8.18807	87
8.19066	87
8.1916	87
8.19901	87
8.20479	87
8.20631	87
8.20749	87
8.20845	92
8.22085	87
8.22247	87
8.22363	87
8.22453	87
8.23184	87
8.23842	87
8.23967	87
8.24066	87
8.24824	87
8.25463	87
8.2559	92
8.25686	87
8.26444	87
8.27039	87
8.27188	87
8.27291	87
8.27373	87
8.28664	87
8.288	87
8.28899	87
8.29657	87
8.30258	92
8.30407	87
8.30511	87
8.30602	87
8.31256	5
8.31885	87
8.32022	87
8.32125	87
8.32212	87
8.32867	5
8.33449	87
8.33611	87
8.33726	87
8.3382	92
8.35059	87
8.3522	87
8.35335	87
8.35424	87
8.36666	87
8.36828	87
8.36944	87
8.37035	87
8.37786	87
8.38418	87
8.38545	92
8.38642	87
8.394	87
8.40035	87
8.40157	87
8.40254	87
8.40986	87
8.41645	87
8.41769	87
8.41868	87
8.42627	87
8.43268	92
8.43389	87
8.43489	87
8.44247	87
8.44882	87
8.45004	87
8.45101	87
8.45181	87
8.46468	87
8.46608	87
8.46713	87
8.46806	92
8.47458	5
8.48087	87
8.48223	87
8.48324	87
8.48411	87
8.4905	5
8.49703	87
8.49832	87
8.49935	87
8.50022	87
8.51333	87
8.51422	87
8.5154	92
8.51628	87
8.52943	87
8.53029	87
8.53144	87
8.53235	87
8.5395	87
8.54629	87
8.54747	87
8.54847	87
8.5559	87
8.56258	92
8.56373	87
8.56466	87
8.57783	87
8.57886	87
8.57988	87
8.58076	87
8.59386	87
8.59505	87
8.59604	87
8.59686	87
8.61001	92
8.61117	87
8.61216	87
8.6196	87
8.62622	87
8.62738	87
8.62828	87
8.63496	5
8.63552	87
8.64236	87
8.64349	87
8.64441	87
8.65111	5
8.65762	92
8.65848	87
8.65964	87
8.66055	87
8.66769	87
8.67446	87
8.67562	87
8.67659	87
8.68399	87
8.6906	87
8.69178	87
8.6928	92
8.70021	87
8.70678	87
8.70794	87
8.70891	87
8.71632	87
8.72313	87
8.72419	87
8.72512	87
8.73248	87
8.73913	87
8.74034	92
8.74124	87
8.75262	87
8.75456	87
8.75604	87
8.75705	87
8.76462	87
8.77023	87
8.77185	87
8.77304	87
8.77392	87
8.78544	92
8.78774	87
8.78899	87
8.78999	87
8.79684	5
8.80155	87
8.80384	87
8.80505	87
8.80604	87
8.81287	5
8.81757	87
8.81988	87
8.8211	87
8.8221	92
8.82959	87
8.83553	87
8.83703	87
8.83805	87
8.84563	87
8.85122	87
8.85303	87
8.85403	87
8.8616	87
8.86758	87
8.86912	92
8.87014	87
8.87098	87
8.88349	87
8.88501	87
8.88619	87
8.88713	87
8.8996	87
8.9011	87
8.90226	87
8.90317	87
8.9147	92
8.917	87
8.91824	87
8.91924	87
8.93081	87
8.93314	87
8.93438	87
8.93538	87
8.94521	87
8.94924	87
8.9504	87
8.95141	92
8.95822	5
8.95878	87
8.96486	87
8.96648	87
8.96744	87
8.97459	5
8.97516	87
8.9814	87
8.98256	87
8.98353	87
8.99337	87
8.99739	87
8.99858	92
8.99952	87
9.00702	87
9.01263	87
9.01442	87
9.01545	87
9.01632	87
9.0288	87
9.0303	87
9.03146	87
9.03236	87
9.03954	92
9.04605	87
9.04739	87
9.04831	87
9.06059	87
9.06222	87
9.06343	87
9.06434	87
9.07732	87
9.07851	87
9.07954	87
9.08044	92
9.09352	87
9.0944	87
9.09559	87
9.09651	87
9.10969	87
9.11053	87
9.11168	87
9.11257	87
9.11924	5
9.12572	87
9.12658	87
9.12776	92
9.12864	87
9.13533	5
9.13589	87
9.14264	87
9.14383	87
9.14475	87
9.15792	87
9.15895	87
9.15999	87
9.1674	87
9.17345	87
9.17485	92
9.17587	87
9.18327	87
9.18969	87
9.19093	87
9.19193	87
9.19936	87
9.20598	87
9.20714	87
9.20805	87
9.22115	87
9.22207	92
9.22322	87
9.22415	87
9.23732	87
9.23835	87
9.23939	87
9.24679	87
9.25287	87
9.25438	87
9.25543	87
9.25633	87
9.26947	92
9.27033	87
9.27151	87
9.27244	87
9.27913	5
9.28561	87
9.28646	87
9.28762	87
9.28853	87
9.2952	5
9.29577	87
9.30237	87
9.30361	87
9.30463	92
9.31204	87
9.31851	87
9.31973	87
9.3207	87
9.32811	87
9.33459	87
9.33575	87
9.33674	87
9.34908	87
9.35056	87
9.35183	92
9.3528	87
9.36023	87
9.3652	87
9.36781	87
9.36878	87
9.37621	87
9.38227	87
9.38381	87
9.38471	87
9.39608	87
9.39848	92
9.39975	87
9.40066	87
9.41199	87
9.41397	87
9.41564	87
9.41657	87
9.42633	87
9.43006	87
9.43159	87
9.4325	87
9.43917	5
9.44226	92
9.44596	87
9.44751	87
9.44844	87
9.45537	5
9.45593	87
9.46147	87
9.46345	87
9.46432	87
9.47405	87
9.47776	87
9.4793	87
9.48022	92
9.48992	87
9.49323	87
9.49519	87
9.49602	87
9.50739	87
9.50934	87
9.51091	87
9.5119	87
9.52361	87
9.52556	87
9.52672	92
9.52771	87
9.53749	87
9.54113	87
9.54272	87
9.54373	87
9.55349	87
9.55723	87
9.55871	87
9.55967	87
9.57104	87
9.57351	92
9.57464	87
9.57557	87
9.58689	87
9.58921	87
9.59053	87
9.59146	87
9.59787	5
9.60239	87
9.60516	87
9.60647	87
9.60736	87
9.61376	5
9.6183	92
9.62105	87
9.62237	87
9.6233	87
9.63066	87
9.63661	87
9.63819	87
9.63919	87
9.65058	87
9.65287	87
9.65417	87
9.6551	92
9.66257	87
9.66845	87
9.67001	87
9.67098	87
9.68238	87
9.68436	87
9.68588	87
9.68693	87
9.68783	87
9.70106	87
9.70213	92
9.70307	87
9.70388	87
9.71674	87
9.71814	87
9.71919	87
9.72009	87
9.73295	87
9.73435	87
9.73539	87
9.7363	87
9.74955	92
9.75057	87
9.75154	87
9.75235	87
9.75891	5
9.76555	87
9.76662	87
9.76762	87
9.77476	5
9.77533	87
9.78117	87
9.78269	87
9.78374	87
9.78467	92
9.79747	87
9.79885	87
9.79987	87
9.80075	87
9.81311	87
9.81473	87
9.81589	87
9.81679	87
9.82922	87
9.83083	87
9.832	92
9.83286	87
9.84618	87
9.84717	87
9.84822	87
9.84912	87
9.86062	87
9.86295	87
9.86419	87
9.86518	87
9.87276	87
9.87935	92
9.88048	87
9.88139	87
9.88889	87
9.89487	87
9.89638	87
9.89743	87
9.90502	87
9.91141	87
9.91266	87
9.91365	87
9.9208	5
9.92139	92
9.92758	87
9.9288	87
9.92977	87
9.93058	87
9.93714	5
9.94344	87
9.94484	87
9.94589	87
9.94679	87
9.95963	87
9.961	87
9.96204	92
9.96288	87
9.97571	87
9.97708	87
9.97811	87
9.97898	87
9.99135	87
9.99297	87
9.99412	87
9.99503	87
10.0075	87
10.0091	92
10.0102	87
10.0111	87
10.0186	87
10.025	87
10.0263	87
10.0273	87
10.0348	87
10.0412	87
10.0425	87
10.0435	87
10.0511	92
10.0574	87
10.0586	87
10.0596	87
10.067	87
10.0733	87
10.0747	87
10.0757	87
10.0766	87
10.083	5
10.0897	87
10.0909	87
10.0919	92
10.0989	5
10.0995	87
10.1059	87
10.1071	87
10.108	87
10.1152	87
10.122	87
10.1232	87
10.1241	87
10.1373	87
10.1383	87
10.1393	92
10.1402	87
10.1533	87
10.1543	87
10.1553	87
10.1562	87
10.1693	87
10.1703	87
10.1714	87
10.1723	87
10.1854	87
10.1864	92
10.1874	87
10.1883	87
10.1978	87
10.2022	87
10.2034	87
10.2043	87
10.2141	87
10.2183	87
10.2194	87
10.2204	87
10.2302	92
10.2345	87
10.2355	87
10.2364	87
10.2428	5
10.2495	87
10.2506	87
10.2516	87
10.2525	87
10.2589	5
10.2656	87
10.2668	87
10.2677	87
10.2751	92
10.2817	87
10.2829	87
10.2838	87
10.291	87
10.2979	87
10.299	87
10.2999	87
10.3096	87
10.3134	87
10.3148	87
10.3158	92
10.3231	87
10.3297	87
10.3308	87
10.3317	87
10.3431	87
10.3456	87
10.3468	87
10.3477	87
10.3574	87
10.3608	87
10.3624	92
10.3636	87
10.3645	87
10.377	87
10.3786	87
10.3797	87
10.3806	87
10.3881	87
10.3945	87
10.3958	87
10.3968	87
10.4039	5
10.4045	92
10.4107	87
10.412	87
10.413	87
10.4201	5
10.4207	87
10.4274	87
10.4284	87
10.4292	87
10.4407	87
10.4434	87
10.4444	87
10.4454	92
10.4582	87
10.4596	87
10.4605	87
10.4681	87
10.474	87
10.4755	87
10.4766	87
10.4774	87
10.4898	87
10.4914	87
10.4926	92
10.4935	87
10.5059	87
10.5075	87
10.5087	87
10.5096	87
10.5171	87
10.5235	87
10.5247	87
10.5257	87
10.5333	87
10.5398	92
10.5409	87
10.5419	87
10.5543	87
10.5559	87
10.5571	87
10.558	87
10.565	5
10.5656	87
10.5715	87
10.5731	87
10.5741	87
10.5812	5
10.5818	92
10.5882	87
10.5893	87
10.5902	87
10.6027	87
10.6042	87
10.6054	87
10.6063	87
10.6186	87
10.6203	87
10.6215	87
10.6224	92
10.6348	87
10.6364	87
10.6376	87
10.6385	87
10.646	87
10.6524	87
10.6536	87
10.6545	87
10.6621	87
10.6681	87
10.6697	92
10.6707	87
10.6782	87
10.6842	87
10.6857	87
10.6867	87
10.6876	87
10.7	87
10.7016	87
10.7028	87
10.7037	87
10.7161	92
10.7178	87
10.7189	87
10.7199	87
10.7266	5
10.733	87
10.7339	87
10.7351	87
10.736	87
10.7426	5
10.7491	87
10.7502	87
10.7512	87
10.7521	92
10.7648	87
10.7662	87
10.7673	87
10.7747	87
10.7807	87
10.7822	87
10.7833	87
10.7841	87
10.7972	87
10.7983	87
10.7993	92
10.8067	87
10.8128	87
10.8142	87
10.8152	87
10.8161	87
10.829	87
10.8303	87
10.8313	87
10.8322	87
10.8452	87
10.8465	92
10.8475	87
10.8484	87
10.8614	87
10.8626	87
10.8636	87
10.8645	87
10.8776	87
10.8788	87
10.8798	87
10.8867	5
10.8873	87
10.8936	92
10.8948	87
10.8958	87
10.9029	5
10.9035	87
10.9097	87
10.9109	87
10.9119	87
10.9194	87
10.9257	87
10.9269	87
10.928	87
10.9289	92
10.9418	87
10.943	87
10.944	87
10.9449	87
10.9579	87
10.9591	87
10.9601	87
10.961	87
10.9741	87
10.975	87
10.9762	92
10.977	87
10.9902	87
10.9911	87
10.9922	87
10.9932	87
11.0003	87
11.0069	87
11.0082	87
11.0091	87
11.0223	87
11.0233	92
11.0244	87
11.0254	87
11.0376	87
11.0393	87
11.0404	87
11.0413	87
11.0477	5
11.054	5
11.0546	87
11.0554	87
11.0565	87
11.0575	87
11.0707	92
11.0716	87
11.0727	87
11.0737	87
11.0834	87
11.0868	87
11.0887	87
11.0896	87
11.0993	87
11.1027	87
11.1043	87
11.1055	92
11.1063	87
11.116	87
11.1194	87
11.1213	87
11.1222	87
11.1337	87
11.1361	87
11.1371	87
11.138	87
11.1498	87
11.1517	92
11.153	87
11.1605	87
11.1661	87
11.168	87
11.169	87
11.1764	87
11.1814	87
11.1835	87
11.1849	87
11.1857	87
11.1967	92
11.1991	87
11.2007	87
11.2017	87
11.2114	87
11.2148	87
11.2166	87
11.2176	87
11.2274	87
11.2307	87
11.2325	87
11.2335	92
11.2407	87
11.2468	87
11.2483	87
11.2494	87
11.2592	87
11.2625	87
11.2643	87
11.2653	87
11.2729	87
11.2785	87
11.2803	92
11.2814	87
11.2822	87
11.294	87
11.2959	87
11.2972	87
11.3048	87
11.3104	87
11.3122	87
11.3132	87
11.3208	87
11.3271	92
11.3283	87
11.3292	87
11.3391	87
11.3432	87
11.3444	87
11.3453	87
11.3582	87
11.3595	87
11.3606	87
11.3614	87
11.3749	92
11.3813	87
11.3941	87
11.4053	87
11.4124	87
11.418	87
11.4198	87
11.4209	87
11.428	87
11.4383	88
11.4388	88
11.4531	92
11.4636	5
11.4638	5
11.4891	88
11.5074	87
11.5152	87
11.5162	87
11.5171	87
11.5289	87
11.5311	87
11.5322	87
11.5331	87
11.5518	87
11.5748	93
11.5897	90
11.5915	87
11.5926	87
11.5935	87
11.6035	88
11.6137	87
11.6182	87
11.6195	87
11.6204	87
11.6398	87
11.6427	92
11.6439	87
11.6449	87
11.6581	87
11.6634	87
11.6928	87
11.6947	87
11.712	87
11.7206	87
11.7228	87
11.7241	87
11.7251	92
11.7391	87
11.7486	87
11.7499	87
11.7509	87
11.7636	87
11.7699	87
11.7712	87
11.7721	87
11.7729	87
11.7817	5
11.7819	5
11.8071	90
11.8237	92
11.8248	87
11.8258	87
11.8438	87
11.8518	87
11.853	87
11.8539	87
11.8696	87
11.8756	87
11.8772	87
11.8782	87
11.8858	92
11.9039	88
11.9075	88
11.908	87
11.9104	87
11.9116	87
11.9126	87
11.92	87
11.9393	87
11.9463	87
11.9473	87
11.9482	92
11.9647	87
11.9709	87
11.9721	87
11.973	87
11.9884	87
11.9911	87
11.9921	87
11.9929	87
12.0118	87
12.0267	87
12.0276	92
12.0441	87
12.0616	87
12.0667	87
12.0676	87
12.0774	87
12.0861	87
12.0905	87
12.0915	87
12.0985	5
12.0987	5
12.0993	87
12.1039	87
12.1062	92
12.1074	87
12.1084	87
12.1199	87
12.1233	87
12.1288	87
12.1298	87
12.1464	87
12.152	87
12.1631	87
12.1643	87
12.1654	92
12.1861	87
12.1927	87
12.1938	87
12.1947	87
12.2132	87
12.2148	87
12.2159	87
12.2168	87
12.2271	87
12.2335	87
12.2347	92
12.2357	87
12.246	88
12.2585	88
12.2596	87
12.2612	87
12.2624	87
12.2633	87
12.2832	87
12.2947	87
12.2965	87
12.2976	92
12.2984	87
12.321	87
12.3225	87
12.3237	87
12.3246	87
12.3378	87
12.3387	87
12.3399	87
12.3408	87
12.3475	5
12.3477	5
12.3544	87
12.3605	92
12.3617	87
12.3626	87
12.3698	87
12.3855	87
12.3866	87
12.3876	87
12.398	87
12.4225	87
12.4238	87
12.4248	87
12.4322	92
12.4434	87
12.4447	87
12.4458	87
12.4467	87
12.4596	87
12.4609	87
12.4619	87
12.4628	87
12.4785	87
12.4796	87
12.4806	92
12.4815	87
12.4924	87
12.4948	87
12.4964	87
12.4974	87
12.5063	87
12.519	87
12.5258	87
12.527	87
12.528	87
12.5384	93
12.5488	87
12.5508	87
12.5524	87
12.5533	87
12.5639	88
12.5654	87
12.5712	87
12.5727	87
12.5739	87
12.5748	87
12.5814	5
12.5816	5
12.5873	92
12.5888	87
12.5901	87
12.591	87
12.6056	87
12.6073	87
12.6084	87
12.6092	87
12.6233	87
12.6282	87
12.6293	87
12.6302	92
12.6554	87
12.6577	87
12.6589	87
12.6598	87
12.6788	87
12.6804	87
12.6817	87
12.6826	87
12.6979	87
12.7003	87
12.7016	92
12.7025	87
12.7099	87
12.7164	87
12.7176	87
12.7186	87
12.7261	87
12.7326	87
12.7338	87
12.7348	87
12.7422	87
12.7563	92
12.758	87
12.7592	87
12.7601	87
12.7773	88
12.7785	87
12.7814	87
12.7826	87
12.7835	87
12.7902	5
12.7904	5
12.8007	88
12.8013	87
12.8022	92
12.8034	87
12.8043	87
12.8175	87
12.8191	87
12.8203	87
12.8212	87
12.8345	87
12.8356	87
12.8369	87
12.8378	87
12.8507	92
12.8535	87
12.8581	87
12.859	87
12.879	87
12.8803	87
12.8814	87
12.8823	87
12.8934	87
12.8961	87
12.9022	87
12.9031	92
12.9145	87
12.9167	87
12.918	87
12.9192	87
12.9303	87
12.9331	87
12.9344	87
12.9359	87
12.9472	87
12.9501	87
12.9514	92
12.9523	87
12.9634	87
12.9663	87
12.9675	87
12.9801	87
12.9872	5
12.9874	5
12.9903	87
12.9936	87
12.9955	87
12.9965	87
13.0063	87
13.0099	92
13.0115	87
13.0156	87
13.0232	87
13.0282	87
13.0307	87
13.0316	87
13.0325	87
13.0435	87
13.0465	87
13.0476	87
13.049	92
13.06	87
13.0625	87
13.064	87
13.065	87
13.066	87
13.0788	87
13.0802	87
13.0812	87
13.0821	87
13.0977	87
13.0992	92
13.1004	87
13.1014	87
13.1117	88
13.1193	87
13.1217	87
13.1229	87
13.1238	87
13.1362	87
13.1389	87
13.1399	87
13.1408	92
13.1508	88
13.1572	87
13.1586	87
13.1596	87
13.1605	87
13.1673	5
13.1674	5
13.1735	87
13.1749	87
13.1759	87
13.1768	87
13.1907	87
13.1918	92
13.1928	87
13.1937	87
13.2067	87
13.2081	87
13.2091	87
13.21	87
13.2281	87
13.2292	87
13.2302	87
13.2311	87
13.2484	92
13.2498	87
13.2508	87
13.2517	87
13.2723	87
13.2733	87
13.2742	87
13.2817	87
13.2881	87
13.2893	87
13.2903	87
13.2977	92
13.3041	87
13.3053	87
13.3063	87
13.3138	87
13.3202	87
13.3212	87
13.3223	87
13.3231	87
13.3362	87
13.3373	87
13.3383	92
13.3392	87
13.3456	5
13.3458	5
13.3524	87
13.3534	87
13.3544	87
13.3552	87
13.3684	87
13.3743	87
13.3754	87
13.3764	87
13.3861	87
13.3902	92
13.3914	87
13.3924	87
13.3998	87
13.407	87
13.4082	87
13.4091	87
13.4225	87
13.4235	87
13.4245	87
13.4254	87
13.437	92
13.4391	87
13.4404	87
13.4414	87
13.4422	87
13.455	87
13.4565	87
13.4575	87
13.4584	87
13.4708	87
13.4724	87
13.4736	92
13.4744	87
13.4869	87
13.4885	87
13.4897	87
13.4906	87
13.5031	87
13.5049	87
13.5059	87
13.513	5
13.5132	5
13.5138	87
13.5198	87
13.5211	92
13.5221	87
13.5229	87
13.5354	87
13.5369	87
13.5381	87
13.539	87
13.5515	87
13.553	87
13.5542	87
13.5551	87
13.568	92
13.5693	87
13.5704	87
13.5713	87
13.5837	87
13.5853	87
13.5865	87
13.5874	87
13.5999	87
13.6014	87
13.6026	87
13.6035	92
13.615	87
13.6173	87
13.6185	87
13.6195	87
13.627	87
13.6333	87
13.6345	87
13.6355	87
13.6431	87
13.6493	87
13.6505	92
13.6515	87
13.6524	87
13.6653	87
13.6667	87
13.6677	87
13.6686	87
13.675	5
13.6752	5
13.6815	87
13.6828	87
13.6838	87
13.6847	87
13.6976	92
13.6989	87
13.6999	87
13.7008	87
13.7139	87
13.7148	87
13.716	87
13.7169	87
13.7293	87
13.7307	87
13.7319	87
13.7329	92
13.7403	87
13.747	87
13.7482	87
13.7491	87
13.7564	87
13.7629	87
13.7641	87
13.7651	87
13.7727	87
13.779	87
13.7803	92
13.7812	87
13.7886	87
13.795	87
13.7962	87
13.7972	87
13.7981	87
13.809	87
13.8118	87
13.8131	87
13.814	87
13.8249	92
13.8277	87
13.829	87
13.8299	87
13.8363	5
13.8364	5
13.8408	87
13.8436	87
13.8449	87
13.8458	87
13.8555	87
13.8589	87
13.8608	87
13.8618	92
13.8731	87
13.8754	87
13.8766	87
13.8776	87
13.8849	87
13.891	87
13.8925	87
13.8936	87
13.9012	87
13.9071	87
13.9086	92
13.9097	87
13.9172	87
13.9231	87
13.9247	87
13.9256	87
13.9265	87
13.9389	87
13.9406	87
13.9416	87
13.9492	87
13.9549	92
13.9566	87
13.9577	87
13.9585	87
13.9703	87
13.9724	87
13.9736	87
13.9745	87
13.9872	87
13.9887	87
13.9897	87
13.9968	5
13.997	5
13.9976	92
14.0029	87
14.0047	87
14.0057	87
14.0133	87
14.019	87
14.0205	87
14.0217	87
14.0226	87
14.0342	87
14.0365	87
14.0379	92
14.0388	87
14.0503	87
14.0526	87
14.0539	87
14.0548	87
14.0621	87
14.0684	87
14.0699	87
14.0709	87
14.0718	87
14.0848	92
14.0861	87
14.087	87
14.0946	87
14.1006	87
14.1021	87
14.1031	87
14.104	87
14.1164	87
14.118	87
14.1192	87
14.1202	92
14.1317	87
14.1341	87
14.1352	87
14.1361	87
14.1477	87
14.1503	87
14.1514	87
14.1523	87
14.1588	5
14.159	5
14.1651	87
14.1665	87
14.1676	92
14.1685	87
14.1813	87
14.1827	87
14.1837	87
14.1846	87
14.1968	87
14.1989	87
14.1998	87
14.2074	87
14.2134	87
14.215	92
14.2159	87
14.2168	87
14.2297	87
14.231	87
14.232	87
14.2396	87
14.2453	87
14.2469	87
14.2481	87
14.249	87
14.2615	92
14.2629	87
14.2641	87
14.2651	87
14.2725	87
14.2775	87
14.28	87
14.281	87
14.2819	87
14.2937	87
14.296	87
14.297	92
14.2979	87
14.3088	87
14.3117	87
14.3129	87
14.3138	87
14.3205	5
14.3207	5
14.3235	87
14.3277	87
14.3289	87
14.3298	87
14.3396	87
14.3438	92
14.3449	87
14.3458	87
14.3572	87
14.3599	87
14.3609	87
14.3618	87
14.3727	87
14.3759	87
14.3769	87
14.3778	87
14.3892	92
14.3919	87
14.3929	87
14.3938	87
14.4046	87
14.4079	87
14.4089	87
14.4163	87
14.4218	87
14.4238	87
14.4248	87
14.4323	92
14.438	87
14.4398	87
14.4408	87
14.4482	87
14.4538	87
14.4557	87
14.4567	87
14.4641	87
14.4697	87
14.4717	87
14.4726	92
14.4793	5
14.4795	5
14.4824	87
14.4864	87
14.4876	87
14.4885	87
14.4982	87
14.5018	87
14.5034	87
14.5044	87
14.5119	87
14.5176	87
14.5195	92
14.5204	87
14.5278	87
14.5327	87
14.5349	87
14.5361	87
14.5371	87
14.5446	87
14.551	87
14.5522	87
14.5532	87
14.554	92
14.5668	87
14.5682	87
14.5693	87
14.5702	87
14.583	87
14.5844	87
14.5854	87
14.5863	87
14.5992	87
14.6006	87
14.6016	92
14.6025	87
14.6149	87
14.6165	87
14.6177	87
14.6186	87
14.6261	87
14.6326	87
14.6337	87
14.6346	87
14.6415	5
14.6417	5
14.6462	87
14.6489	92
14.6499	87
14.6508	87
14.6636	87
14.665	87
14.6661	87
14.667	87
14.6798	87
14.6812	87
14.6822	87
14.6831	87
14.6964	92
14.6974	87
14.6984	87
14.6993	87
14.7121	87
14.7135	87
14.7145	87
14.7154	87
14.7278	87
14.7295	87
14.7306	87
14.7316	92
14.744	87
14.7457	87
14.7468	87
14.7478	87
14.7609	87
14.7618	87
14.763	87
14.7639	87
14.7771	87
14.7782	87
14.7792	92
14.7801	87
14.7932	87
14.7941	87
14.7952	87
14.7961	87
14.8028	5
14.803	5
14.8036	87
14.8099	87
14.8112	87
14.8121	87
14.8195	87
14.8262	92
14.8273	87
14.8283	87
14.8357	87
14.8423	87
14.8435	87
14.8444	87
14.8518	87
14.8584	87
14.8596	87
14.8605	87
14.868	92
14.8743	87
14.8756	87
14.8767	87
14.8776	87
14.8905	87
14.8918	87
14.8928	87
14.8937	87
14.9068	87
14.9077	87
14.9089	92
14.9098	87
14.923	87
14.9239	87
14.9251	87
14.926	87
14.9392	87
14.9401	87
14.9413	87
14.9422	87
14.9493	87
14.9563	92
14.9573	87
14.9582	87
14.9649	5
14.9651	5
14.9714	87
14.9724	87
14.9735	87
14.9744	87
14.9859	87
14.988	87
14.9893	87
14.9902	87
15.0018	92
15.0041	87
15.0053	87
15.0063	87
15.0138	87
15.0198	87
15.0213	87
15.0223	87
15.0299	87
15.0359	87
15.0375	87
15.0385	92
15.046	87
15.052	87
15.0535	87
15.0546	87
15.0554	87
15.0679	87
15.0694	87
15.0706	87
15.0715	87
15.0839	87
15.0855	92
15.0866	87
15.0875	87
15.099	87
15.1013	87
15.1027	87
15.1036	87
15.116	87
15.1176	87
15.1188	87
15.1197	87
15.1267	5
15.1269	5
15.1275	92
15.1331	87
15.1346	87
15.1356	87
15.1432	87
15.1492	87
15.1508	87
15.1518	87
15.1594	87
15.1657	87
15.1668	87
15.1678	92
15.1754	87
15.1817	87
15.1829	87
15.1839	87
15.1914	87
15.1974	87
15.1989	87
15.2	87
15.2076	87
15.2135	87
15.215	92
15.216	87
15.2234	87
15.2298	87
15.231	87
15.2321	87
15.233	87
15.246	87
15.2472	87
15.2482	87
15.2491	87
15.2621	92
15.2633	87
15.2643	87
15.2652	87
15.2783	87
15.2792	87
15.2804	87
15.2813	87
15.288	5
15.2882	5
15.2945	87
15.2953	87
15.2965	87
15.2974	92
15.31	87
15.3114	87
15.3124	87
15.3199	87
15.3262	87
15.3275	87
15.3285	87
15.3408	87
15.3424	87
15.3436	87
15.3445	92
15.3572	87
15.3586	87
15.3595	87
15.3605	87
15.3732	87
15.3746	87
15.3757	87
15.3831	87
15.3895	87
15.3908	87
15.3918	92
15.3989	87
15.4057	87
15.4069	87
15.4079	87
15.4153	87
15.4219	87
15.423	87
15.424	87
15.4314	87
15.438	87
15.4392	92
15.4401	87
15.4471	5
15.4473	5
15.4478	87
15.4525	87
15.455	87
15.4559	87
15.4568	87
15.4677	87
15.4706	87
15.4717	87
15.4727	87
15.4824	92
15.4857	87
15.4876	87
15.4886	87
15.5	87
15.502	87
15.5036	87
15.5046	87
15.5143	87
15.5181	87
15.5196	87
15.5205	92
15.5302	87
15.5335	87
15.5355	87
15.5363	87
15.5438	87
15.5487	87
15.5513	87
15.5523	87
15.5598	87
15.5654	87
15.5674	92
15.5683	87
15.5797	87
15.5816	87
15.5833	87
15.5842	87
15.5955	87
15.5975	87
15.5991	87
15.6001	87
15.6068	5
15.607	5
15.6115	87
15.6135	92
15.615	87
15.616	87
15.6257	87
15.6297	87
15.6309	87
15.6319	87
15.6428	87
15.6456	87
15.6469	87
15.6478	87
15.6602	92
15.6618	87
15.6628	87
15.6703	87
15.6752	87
15.6778	87
15.6788	87
15.6796	87
15.692	87
15.6935	87
15.6947	87
15.6956	92
15.7079	87
15.7096	87
15.7106	87
15.718	87
15.7237	87
15.7253	87
15.7264	87
15.7274	87
15.7389	87
15.7415	87
15.7426	92
15.7435	87
15.7551	87
15.7574	87
15.7586	87
15.7596	87
15.7604	87
15.7669	5
15.7671	5
15.7732	87
15.7746	87
15.7757	87
15.7766	87
15.7894	92
15.7908	87
15.7918	87
15.7927	87
15.805	87
15.8068	87
15.8078	87
15.8087	87
15.8216	87
15.823	87
15.824	87
15.825	92
15.8378	87
15.8391	87
15.8401	87
15.841	87
15.8539	87
15.8552	87
15.8562	87
15.857	87
15.8699	87
15.8713	87
15.8723	92
15.8732	87
15.8861	87
15.8874	87
15.8885	87
15.8893	87
15.9006	87
15.9035	87
15.9045	87
15.9054	87
15.9183	87
15.9197	92
15.9207	87
15.9216	87
15.9282	5
15.9284	5
15.9345	87
15.9358	87
15.9369	87
15.9377	87
15.951	87
15.9519	87
15.953	87
15.9538	87
15.9667	92
15.9681	87
15.9691	87
15.9699	87
15.9828	87
15.9841	87
15.9852	87
15.986	87
15.9984	87
16.0001	87
16.0013	87
16.0022	92
16.0146	87
16.0162	87
16.0174	87
16.0183	87
16.0258	87
16.0322	87
16.0334	87
16.0344	87
16.042	87
16.0484	87
16.0497	92
16.0506	87
16.0581	87
16.0645	87
16.0657	87
16.0666	87
16.074	87
16.0805	87
16.0816	87
16.0826	87
16.0835	87
16.0899	5
16.0901	5
16.0966	92
16.0977	87
16.0987	87
16.0996	87
16.1091	87
16.1135	87
16.1146	87
16.1155	87
16.1253	87
16.1295	87
16.1307	87
16.1316	92
16.1413	87
16.1455	87
16.1467	87
16.1476	87
16.1573	87
16.1615	87
16.1626	87
16.1635	87
16.1733	87
16.1773	87
16.1786	92
16.1795	87
16.187	87
16.1934	87
16.1946	87
16.1956	87
16.203	87
16.2096	87
16.2107	87
16.2116	87
16.219	87
16.2257	92
16.2268	87
16.2277	87
16.2409	87
16.2419	87
16.243	87
16.2439	87
16.2502	5
16.2504	5
16.257	87
16.2581	87
16.2591	87
16.26	87
16.273	92
16.2741	87
16.2751	87
16.276	87
16.2891	87
16.2902	87
16.2912	87
16.2986	87
16.3051	87
16.3063	87
16.3072	87
16.317	92
16.3213	87
16.3223	87
16.3232	87
16.3341	87
16.337	87
16.3381	87
16.3391	87
16.3399	87
16.3528	87
16.3542	87
16.3552	92
16.3627	87
16.3693	87
16.3704	87
16.3713	87
16.3838	87
16.3854	87
16.3865	87
16.3874	87
16.3948	87
16.4013	87
16.4026	92
16.4036	87
16.4107	5
16.4109	5
16.4115	87
16.4175	87
16.4187	87
16.4197	87
16.4272	87
16.4332	87
16.4347	87
16.4357	87
16.4366	87
16.449	92
16.4505	87
16.4517	87
16.4526	87
16.4651	87
16.4667	87
16.4678	87
16.4687	87
16.4811	87
16.4827	87
16.4839	87
16.4848	92
16.4923	87
16.4987	87
16.4999	87
16.5009	87
16.5085	87
16.515	87
16.5161	87
16.517	87
16.5286	87
16.5309	87
16.5323	92
16.5332	87
16.5407	87
16.547	87
16.5483	87
16.5493	87
16.5569	87
16.5632	87
16.5644	87
16.5654	87
16.5662	87
16.5728	5
16.573	5
16.5788	92
16.5802	87
16.5815	87
16.5824	87
16.5952	87
16.5966	87
16.5977	87
16.5986	87
16.6109	87
16.6125	87
16.6137	87
16.6146	92
16.6269	87
16.6285	87
16.6297	87
16.6306	87
16.6435	87
16.6448	87
16.6459	87
16.6467	87
16.6597	87
16.6609	87
16.6619	92
16.6628	87
16.6759	87
16.6768	87
16.678	87
16.6789	87
16.6921	87
16.6931	87
16.6941	87
16.695	87
16.7081	87
16.7093	92
16.7103	87
16.7111	87
16.7241	87
16.7253	87
16.7264	87
16.7273	87
16.7337	5
16.7339	5
16.7404	87
16.7415	87
16.7425	87
16.7499	87
16.7566	92
16.7577	87
16.7587	87
16.766	87
16.7722	87
16.7737	87
16.7746	87
16.782	87
16.7886	87
16.7898	87
16.7908	87
16.7983	92
16.8049	87
16.806	87
16.807	87
16.8145	87
16.8209	87
16.8222	87
16.8231	87
16.8305	87
16.8369	87
16.8382	87
16.8392	92
16.8401	87
16.853	87
16.8544	87
16.8554	87
16.8563	87
16.8692	87
16.8705	87
16.8716	87
16.8724	87
16.8855	87
16.8864	92
16.8876	87
16.8885	87
16.8952	5
16.8954	5
16.9017	87
16.9026	87
16.9038	87
16.9047	87
16.9179	87
16.9188	87
16.9199	87
16.9208	87
16.9306	92
16.9339	87
16.9358	87
16.9367	87
16.9441	87
16.949	87
16.9514	87
16.9525	87
16.96	87
16.9656	87
16.9674	87
16.9684	92
16.9758	87
16.9815	87
16.9833	87
16.9843	87
16.9917	87
16.9974	87
16.9992	87
17.0003	87
17.0079	87
17.0137	87
17.0153	92
17.0162	87
17.0276	87
17.0299	87
17.0312	87
17.0322	87
17.0435	87
17.0458	87
17.0471	87
17.0481	87
17.0546	5
17.0548	5
17.0599	87
17.0619	92
17.0632	87
17.0641	87
17.0716	87
17.0775	87
17.0792	87
17.0801	87
17.0877	87
17.0937	87
17.0953	87
17.0962	87
17.1037	92
17.1093	87
17.1109	87
17.1121	87
17.113	87
17.1255	87
17.127	87
17.1282	87
17.1291	87
17.142	87
17.1434	87
17.1444	92
17.1453	87
17.1577	87
17.1595	87
17.1605	87
17.1614	87
17.1729	87
17.1752	87
17.1765	87
17.1775	87
17.189	87
17.1913	92
17.1926	87
17.1935	87
17.2033	87
17.2068	87
17.2085	87
17.2095	87
17.2166	5
17.2168	5
17.2173	87
17.223	87
17.2246	87
17.2256	87
17.2332	92
17.2388	87
17.2405	87
17.2416	87
17.2425	87
17.25	87
17.2564	87
17.2576	87
17.2586	87
17.2662	87
17.2726	87
17.2738	92
17.2748	87
17.2756	87
17.2888	87
17.2899	87
17.2908	87
17.3024	87
17.305	87
17.3061	87
17.307	87
17.3199	87
17.3212	92
17.3222	87
17.3297	87
17.3358	87
17.3373	87
17.3383	87
17.3392	87
17.3516	87
17.3533	87
17.3545	87
17.3554	87
17.3678	92
17.3694	87
17.3706	87
17.3715	87
17.3786	5
17.3788	5
17.3793	87
17.3854	87
17.3866	87
17.3876	87
17.3952	87
17.4016	87
17.4028	87
17.4039	92
17.4114	87
17.4179	87
17.4191	87
17.42	87
17.4275	87
17.4342	87
17.4352	87
17.436	87
17.4473	87
17.4501	87
17.4512	92
17.452	87
17.4649	87
17.4664	87
17.4674	87
17.4749	87
17.4809	87
17.4825	87
17.4835	87
17.4911	87
17.4971	87
17.4986	92
17.4996	87
17.5005	87
17.512	87
17.5143	87
17.5156	87
17.5166	87
17.5241	87
17.5305	87
17.5318	87
17.5328	87
17.5398	5
17.5399	5
17.5405	92
17.5464	87
17.5478	87
17.5487	87
17.5561	87
17.5628	87
17.5637	87
17.5647	87
17.5722	87
17.5787	87
17.5797	87
17.5807	92
17.5881	87
17.593	87
17.5956	87
17.5965	87
17.6039	87
17.6105	87
17.6116	87
17.6125	87
17.6239	87
17.6266	87
17.6276	92
17.6285	87
17.64	87
17.6426	87
17.6436	87
17.6444	87
17.656	87
17.6585	87
17.6596	87
17.6605	87
17.6722	87
17.6746	92
17.6756	87
17.6765	87
17.6874	87
17.6905	87
17.6915	87
17.6924	87
17.6991	5
17.6992	5
17.7038	87
17.7065	87
17.7075	87
17.7084	87
17.7199	92
17.7226	87
17.7235	87
17.7309	87
17.7367	87
17.7385	87
17.7395	87
17.7469	87
17.7526	87
17.7543	87
17.7553	87
17.7628	92
17.7684	87
17.7703	87
17.7712	87
17.7826	87
17.785	87
17.7863	87
17.7872	87
17.7987	87
17.8011	87
17.8023	87
17.8097	92
17.8157	87
17.8172	87
17.8182	87
17.8255	87
17.8312	87
17.833	87
17.8341	87
17.8415	87
17.8465	87
17.8487	87
17.85	92
17.8509	87
17.8581	5
17.8583	5
17.8588	87
17.8649	87
17.8661	87
17.8671	87
17.8679	87
17.8807	87
17.8821	87
17.8832	87
17.8841	87
17.897	92
17.8983	87
17.8994	87
17.9003	87
17.9131	87
17.9145	87
17.9155	87
17.9164	87
17.9287	87
17.9304	87
17.9315	87
17.9325	92
17.9449	87
17.9465	87
17.9476	87
17.9485	87
17.9609	87
17.9626	87
17.9638	87
17.9647	87
17.9722	87
17.9786	87
17.9799	92
17.9808	87
17.9884	87
17.9948	87
17.996	87
17.997	87
18.0045	87
18.0105	87
18.012	87
18.0131	87
18.0139	87
18.0205	5
18.0207	5
18.0264	92
18.0279	87
18.0291	87
18.0301	87
18.0428	87
18.0442	87
18.0452	87
18.0461	87
18.059	87
18.0604	87
18.0614	87
18.0623	92
18.0747	87
18.0763	87
18.0775	87
18.0785	87
18.0908	87
18.0924	87
18.0936	87
18.0945	87
18.1069	87
18.1086	87
18.1098	92
18.1107	87
18.1231	87
18.1247	87
18.1259	87
18.1268	87
18.1392	87
18.1408	87
18.142	87
18.1429	87
18.1504	87
18.1568	92
18.158	87
18.159	87
18.1706	87
18.1729	87
18.1741	87
18.1751	87
18.1759	87
18.1824	5
18.1826	5
18.1887	87
18.1901	87
18.1911	87
18.1987	92
18.2051	87
18.2064	87
18.2073	87
18.2149	87
18.2213	87
18.2225	87
18.2235	87
18.2309	87
18.2373	87
18.2385	87
18.2396	92
18.2527	87
18.2536	87
18.2547	87
18.2556	87
18.2687	87
18.2696	87
18.2708	87
18.2718	87
18.2849	87
18.2859	87
18.2871	92
18.288	87
18.3011	87
18.302	87
18.3032	87
18.3041	87
18.3113	87
18.318	87
18.3192	87
18.3202	87
18.3277	87
18.3342	92
18.3354	87
18.3364	87
18.3438	87
18.3503	87
18.3515	87
18.3525	87
18.3599	87
18.3662	87
18.3676	87
18.3686	87
18.3695	92
18.3826	87
18.3838	87
18.3848	87
18.3922	87
18.3987	87
18.3999	87
18.4009	87
18.4083	87
18.4147	87
18.416	87
18.417	92
18.4244	87
18.4305	87
18.4318	87
18.4328	87
18.4402	87
18.4469	87
18.448	87
18.4489	87
18.4621	87
18.4632	87
18.4642	92
18.4651	87
18.478	87
18.4799	87
18.4869	87
18.5058	87
18.5091	87
18.5165	87
18.5222	87
18.5238	87
18.525	87
18.5259	92
18.5384	87
18.54	87
18.5412	87
18.5421	87
18.5545	87
18.5562	87
18.5573	87
18.5582	87
18.5655	87
18.5718	5
18.572	5
18.578	87
18.5881	93
18.6069	87
18.6169	88
18.6244	87
18.6259	87
18.6271	87
18.6281	87
18.6448	87
18.646	87
18.647	87
18.6479	87
18.661	92
18.6619	87
18.663	87
18.664	87
18.6771	87
18.6782	87
18.6795	87
18.6804	87
18.6913	87
18.6937	87
18.6994	87
18.7094	93
18.726	87
18.7269	87
18.7378	87
18.7411	87
18.7467	87
18.7476	87
18.7585	87
18.7617	87
18.7628	87
18.7637	87
18.7746	92
18.7778	87
18.779	87
18.7799	87
18.7908	87
18.7931	87
18.7949	87
18.7958	87
18.8025	5
18.8027	5
18.8056	87
18.8114	87
18.8307	88
18.8384	92
18.8397	87
18.8471	87
18.8529	87
18.859	87
18.8603	87
18.8677	87
18.8735	87
18.8753	87
18.8764	87
18.8838	87
18.8896	92
18.8913	87
18.8926	87
18.9	87
18.9049	87
18.9071	87
18.9083	87
18.9093	87
18.9101	87
18.9233	87
18.9244	87
18.9254	92
18.9325	87
18.9425	88
18.9623	87
18.9634	87
18.9643	87
18.9748	88
18.9765	87
18.983	87
18.9841	87
18.9851	87
18.9968	92
18.9994	87
19.0004	87
19.0013	87
19.0146	87
19.0159	87
19.0169	87
19.0177	87
19.0284	5
19.0286	5
19.0351	87
19.0362	87
19.0372	87
19.0448	92
19.0514	87
19.0641	87
19.0652	87
19.0661	87
19.077	87
19.0802	87
19.0812	87
19.0821	87
19.0985	87
19.0998	87
19.1008	92
19.1017	87
19.1168	87
19.1178	87
19.1188	87
19.1197	87
19.1292	87
19.137	87
19.1382	87
19.1391	87
19.1488	87
19.1529	92
19.154	87
19.155	87
19.1624	87
19.1781	88
19.18	87
19.1813	87
19.1823	87
19.1897	87
19.2001	87
19.2013	87
19.2024	92
19.2098	87
19.2183	87
19.2195	87
19.2205	87
19.2274	5
19.2276	5
19.2282	87
19.2328	87
19.235	87
19.2362	87
19.2372	87
19.238	87
19.2512	92
19.2523	87
19.2533	87
19.2609	87
19.2674	87
19.2685	87
19.2694	87
19.2819	87
19.283	87
19.2845	87
19.2855	87
19.2864	92
19.2964	88
19.3076	87
19.3092	87
19.3104	87
19.3113	87
19.3259	87
19.3275	87
19.3287	87
19.3296	87
19.3371	87
19.3435	92
19.3447	87
19.3456	87
19.3559	88
19.3619	87
19.3633	87
19.3645	87
19.3655	87
19.373	87
19.3794	87
19.3806	87
19.3816	92
19.3892	87
19.3951	87
19.3967	87
19.3977	87
19.3986	87
19.405	5
19.4052	5
19.4155	87
19.4167	87
19.4177	87
19.4248	87
19.4315	87
19.4328	92
19.4338	87
19.4412	87
19.4478	87
19.449	87
19.4499	87
19.4644	87
19.4654	87
19.4665	87
19.4674	87
19.4818	87
19.4829	92
19.4839	87
19.4848	87
19.4981	87
19.4993	87
19.5002	87
19.5076	87
19.5174	87
19.5187	87
19.5197	87
19.5271	87
19.5338	92
19.5351	87
19.5361	87
19.5435	87
19.5505	87
19.5517	87
19.5526	87
19.5623	87
19.5659	87
19.5674	87
19.5684	87
19.5754	5
19.5755	5
19.5761	92
19.5808	87
19.5832	87
19.5843	87
19.5852	87
19.597	87
19.5992	87
19.6003	87
19.6012	87
19.613	87
19.6149	87
19.6163	92
19.6172	87
19.6285	87
19.6308	87
19.6321	87
19.6331	87
19.6454	87
19.6469	87
19.6481	87
19.6489	87
19.6614	87
19.6629	92
19.6641	87
19.665	87
19.6748	87
19.6789	87
19.6801	87
19.681	87
19.6924	87
19.695	87
19.6961	87
19.697	87
19.7089	92
19.711	87
19.7121	87
19.7131	87
19.7249	87
19.7269	87
19.7281	87
19.7291	87
19.7363	5
19.7365	5
19.737	87
19.7427	87
19.7442	87
19.7453	92
19.7461	87
19.7585	87
19.76	87
19.7613	87
19.7623	87
19.7698	87
19.7762	87
19.7775	87
19.7785	87
19.786	87
19.7926	92
19.7937	87
19.7946	87
19.8021	87
19.8085	87
19.8097	87
19.8107	87
19.8183	87
19.8247	87
19.8259	87
19.8268	87
19.8344	92
19.8407	87
19.842	87
19.8429	87
19.8437	87
19.857	87
19.8581	87
19.859	87
19.8665	87
19.8728	87
19.8741	87
19.8751	92
19.8826	87
19.8893	87
19.8903	87
19.8912	87
19.8978	5
19.898	5
19.9042	87
19.9055	87
19.9064	87
19.914	87
19.9199	87
19.9215	87
19.9225	92
19.9301	87
19.9358	87
19.9373	87
19.9385	87
19.9394	87
19.9508	87
19.9535	87
19.9545	87
19.9554	87
19.9669	87
19.9696	92
19.9705	87
19.978	87
19.983	87
19.9855	87
19.9865	87
19.9874	87
19.9989	87
20.0015	87
20.0025	87
20.0099	87
20.016	92
20.0172	87
20.0183	87
20.0192	87
20.029	87
20.0332	87
20.0343	87
20.0352	87
20.0465	87
20.0491	87
20.0502	87
20.0511	92
20.0578	5
20.058	5
20.0625	87
20.065	87
20.0661	87
20.0671	87
20.0768	87
20.081	87
20.0822	87
20.0831	87
20.0929	87
20.0971	87
20.0982	92
20.0991	87
