2.10701	12
2.10721	5
2.21398	4
2.22513	5
2.22531	5
2.22966	5
2.23107	5
2.24107	6
2.33152	5
2.33246	5
2.33326	5
2.34408	5
2.34641	5
2.34782	5
2.34876	5
2.34958	10
2.36095	5
2.37095	6
2.44708	5
2.44817	5
2.44902	5
2.4661	6
2.46788	5
2.46882	5
2.46976	5
2.47055	5
2.4814	10
2.48372	5
2.5089	10
2.54868	7
2.54959	7
2.56732	7
2.57611	7
2.57728	7
2.57818	7
2.58553	7
2.5918	7
2.59295	12
2.5938	7
2.60111	7
2.60678	7
2.60758	7
2.64498	8
2.66043	7
2.66854	7
2.67822	7
2.68147	7
2.6832	7
2.68419	12
2.68498	7
2.69582	7
2.69793	5
2.69888	7
2.69984	7
2.70066	7
2.70745	5
2.71152	7
2.71427	7
2.71547	7
2.71643	7
2.72383	7
2.73021	12
2.73137	7
2.7323	7
2.73967	7
2.74528	7
2.74686	7
2.74798	7
2.74885	7
2.75615	7
2.78081	7
2.78247	7
2.7835	12
2.78434	7
2.79605	7
2.79845	7
2.79938	7
2.80675	7
2.81166	7
2.8138	7
2.81499	7
2.81592	7
2.81642	12
2.82342	12
2.8293	7
2.83076	7
2.83174	7
2.83259	7
2.84558	7
2.84667	7
2.84761	7
2.85498	7
2.86058	7
2.86215	7
2.86329	12
2.86412	7
2.87642	5
2.87661	7
2.87803	7
2.87919	7
2.88009	7
2.88719	5
2.89146	7
2.89342	7
2.89491	7
2.89593	7
2.89681	7
2.90923	12
2.91101	7
2.91206	7
2.91296	7
2.92266	7
2.92599	7
2.92763	7
2.92881	7
2.92974	7
2.9421	7
2.94373	7
2.94491	12
2.94579	7
2.95806	7
2.95969	7
2.96087	7
2.9618	7
2.96916	7
2.97523	7
2.97671	7
2.97757	7
2.98898	7
2.99095	12
2.9925	7
2.99347	7
3.00088	7
3.00499	7
3.00839	7
3.00944	7
3.01034	7
3.02127	7
3.02371	7
3.02523	7
3.0263	12
3.02718	7
3.03415	5
3.04009	7
3.04137	7
3.04242	7
3.04332	7
3.05014	5
3.05483	7
3.05724	7
3.05836	7
3.05926	7
3.07109	7
3.07306	12
3.07426	7
3.07523	7
3.08279	7
3.08845	7
3.09007	7
3.09122	7
3.09213	7
3.10186	7
3.10622	7
3.10723	7
3.10813	12
3.11899	7
3.1214	7
3.12288	7
3.12389	7
3.12476	7
3.13799	7
3.13904	7
3.14001	7
3.14742	7
3.15381	7
3.15517	12
3.15614	7
3.16357	7
3.16854	7
3.17074	7
3.17206	7
3.17299	7
3.18453	7
3.18684	7
3.18806	7
3.18903	7
3.19643	5
3.19664	12
3.20309	7
3.20427	7
3.21579	11
3.21799	11
3.21923	11
3.22692	15
3.2329	15
3.23441	15
3.24196	23
3.24874	23
3.25628	32
3.26151	31
3.26283	31
3.2637	35
3.27621	35
3.27773	35
3.28537	43
3.29208	43
3.29318	43
3.29408	43
3.30381	43
3.30715	48
3.3167	47
3.32	47
3.32162	47
3.32278	47
3.33526	51
3.33691	51
3.33809	51
3.33902	51
3.3472	55
3.35544	63
3.35822	68
3.35942	63
3.36039	63
3.36792	67
3.37445	67
3.38225	71
3.3831	71
3.38426	71
3.38516	71
3.39244	75
3.40508	75
3.40611	80
3.40792	75
3.41682	75
3.41761	75
3.42032	5
3.43069	76
3.43116	76
3.43309	75
3.44159	75
3.47334	75
3.4914	5
3.49191	75
3.51111	75
3.52485	5
3.53801	80
3.54624	5
3.54675	75
3.54724	75
3.55754	76
3.56253	75
3.57254	76
3.57772	5
3.58044	75
3.58264	75
3.58388	75
3.58488	75
3.59231	75
3.6131	80
3.61527	75
3.61652	75
3.61751	75
3.62494	75
3.63205	75
3.64274	75
3.64435	75
3.64549	75
3.64639	75
3.65611	75
3.65943	80
3.66101	75
3.66215	75
3.66305	75
3.67277	75
3.67613	75
3.67762	75
3.67878	75
3.67969	75
3.69122	75
3.69374	75
3.69487	80
3.69575	75
3.71088	75
3.71457	75
3.71605	75
3.71706	75
3.71793	75
3.72794	76
3.73987	75
3.74102	75
3.74195	75
3.74914	80
3.76007	75
3.76109	75
3.76202	75
3.7714	5
3.77191	75
3.77906	75
3.78003	75
3.78706	5
3.78758	75
3.7956	75
3.79629	75
3.79729	75
3.80475	80
3.81125	75
3.81292	75
3.81389	75
3.82129	75
3.82631	75
3.84101	75
3.842	75
3.84943	75
3.8544	75
3.8566	75
3.85787	80
3.85884	75
3.86642	75
3.87244	75
3.87393	75
3.87495	75
3.87583	75
3.88712	75
3.88993	75
3.89095	75
3.89183	75
3.9045	80
3.90592	75
3.90694	75
3.90782	75
3.92066	75
3.92203	75
3.92305	75
3.92393	75
3.93631	75
3.93796	75
3.93914	75
3.94009	80
3.94682	5
3.95615	75
3.95846	75
3.9597	75
3.96069	75
3.96775	5
3.96826	75
3.97595	75
3.97689	75
3.97777	75
3.99451	75
3.99559	75
3.99666	80
3.99754	75
4.0106	75
4.01179	75
4.0128	75
4.01366	75
4.02658	75
4.02788	75
4.0289	75
4.02978	75
4.04289	75
4.04384	80
4.04499	75
4.04592	75
4.0591	75
4.05999	75
4.06115	75
4.06205	75
4.07178	75
4.07509	75
4.07688	75
4.07791	75
4.07875	80
4.09121	75
4.09271	75
4.09387	75
4.09477	75
4.10209	75
4.1082	75
4.10978	75
4.11078	75
4.11799	5
4.1185	75
4.12424	75
4.12576	80
4.12678	75
4.12758	75
4.1342	5
4.14009	75
4.14161	75
4.14283	75
4.14373	75
4.15623	75
4.15794	75
4.15892	75
4.16649	75
4.17212	80
4.17371	75
4.17487	75
4.17577	75
4.18309	75
4.18966	75
4.19091	75
4.1919	75
4.19948	75
4.2059	75
4.20712	75
4.20811	80
4.21565	75
4.22203	75
4.22325	75
4.22421	75
4.23164	75
4.23797	75
4.23927	75
4.24018	75
4.24733	75
4.25399	75
4.25523	80
4.25618	75
4.26358	75
4.26925	5
4.27008	75
4.27133	75
4.27232	75
4.27975	75
4.28611	75
4.28735	75
4.28834	75
4.2954	5
4.29591	75
4.30185	80
4.30344	75
4.30432	75
4.31583	75
4.31792	75
4.31934	75
4.32024	75
4.33175	75
4.33416	75
4.33531	75
4.34272	75
4.34838	80
4.35025	75
4.35123	75
4.35859	75
4.36425	75
4.36607	75
4.36715	75
4.37854	75
4.38052	75
4.38218	75
4.38308	75
4.39459	80
4.39674	75
4.39808	75
4.4055	75
4.41063	75
4.41259	75
4.41392	75
4.41485	75
4.42394	5
4.42661	75
4.42855	75
4.42985	75
4.43078	80
4.43809	75
4.44304	75
4.44557	75
4.44661	75
4.44743	75
4.4539	5
4.45836	75
4.46115	75
4.46247	75
4.46341	75
4.47489	75
4.47725	80
4.47841	75
4.48584	75
4.49149	75
4.4933	75
4.49429	75
4.49519	75
4.50612	75
4.50911	75
4.51027	75
4.51113	75
4.52205	80
4.52479	75
4.52612	75
4.527	75
4.5385	75
4.54103	75
4.54199	75
4.54287	75
4.55377	75
4.55674	75
4.55787	75
4.56532	80
4.57134	75
4.57272	75
4.5738	75
4.58076	5
4.58127	75
4.58689	75
4.58859	75
4.58958	75
4.59702	75
4.60199	75
4.6043	75
4.6054	80
4.60631	75
4.61276	5
4.61779	75
4.62012	75
4.62134	75
4.62878	75
4.63376	75
4.6361	75
4.63731	75
4.64476	75
4.65051	75
4.65224	80
4.6532	75
4.66064	75
4.66561	75
4.66795	75
4.66919	75
4.67001	75
4.68094	75
4.68372	75
4.68504	75
4.68594	75
4.69745	80
4.6996	75
4.7009	75
4.70181	75
4.7133	75
4.71562	75
4.71673	75
4.71764	75
4.72915	75
4.73149	75
4.7327	75
4.73973	5
4.74026	80
4.74505	75
4.74756	75
4.74858	75
4.74938	75
4.7609	75
4.76324	75
4.76448	75
4.77153	5
4.77204	75
4.77757	75
4.77935	75
4.78044	80
4.79177	75
4.79414	75
4.79541	75
4.79634	75
4.80603	75
4.80977	75
4.81127	75
4.81225	75
4.82199	75
4.8257	75
4.8272	80
4.82814	75
4.83787	75
4.8416	75
4.8431	75
4.844	75
4.85144	75
4.85641	75
4.85875	75
4.85997	75
4.86736	75
4.87344	80
4.87479	75
4.87584	75
4.88327	75
4.88824	75
4.89078	75
4.89174	75
4.8926	75
4.89905	5
4.90409	75
4.90641	75
4.9076	75
4.9085	80
4.91938	75
4.92235	75
4.92341	75
4.92433	75
4.9308	5
4.93608	75
4.93825	75
4.93943	75
4.94686	75
4.95252	75
4.95432	75
4.9554	80
4.9651	75
4.96869	75
4.97038	75
4.9713	75
4.98263	75
4.98502	75
4.9863	75
4.98722	75
4.9987	75
5.00108	75
5.00224	80
5.00964	75
5.01529	75
5.01711	75
5.01817	75
5.02554	75
5.03048	75
5.03281	75
5.034	75
5.04142	75
5.04637	75
5.04871	80
5.04976	75
5.0507	75
5.05715	5
5.0616	75
5.06443	75
5.06569	75
5.06659	75
5.07832	75
5.0805	75
5.08165	75
5.08245	75
5.08891	5
5.09339	80
5.09612	75
5.09742	75
5.09834	75
5.10926	75
5.11205	75
5.11337	75
5.11431	75
5.12523	75
5.12802	75
5.12931	75
5.13025	80
5.14171	75
5.14404	75
5.14524	75
5.14607	75
5.15759	75
5.15993	75
5.16117	75
5.1686	75
5.17465	75
5.17613	75
5.17711	80
5.18682	75
5.19041	75
5.19197	75
5.19295	75
5.20032	75
5.20529	75
5.20763	75
5.20887	75
5.21589	5
5.2164	75
5.22201	75
5.22374	80
5.22472	75
5.23213	75
5.2379	75
5.23962	75
5.24055	75
5.24148	75
5.24824	5
5.25124	75
5.25485	75
5.25644	75
5.25742	75
5.26718	80
5.27087	75
5.27231	75
5.27325	75
5.28068	75
5.28566	75
5.28819	75
5.28921	75
5.29011	75
5.30162	75
5.30416	75
5.3052	80
5.31258	75
5.31822	75
5.32012	75
5.3211	75
5.32846	75
5.33453	75
5.33599	75
5.33698	75
5.34835	75
5.35071	75
5.35202	80
5.35286	75
5.36435	75
5.36668	75
5.36785	75
5.37489	5
5.3754	75
5.38091	75
5.38272	75
5.38373	75
5.3913	75
5.39724	75
5.39871	80
5.39961	75
5.40679	5
5.4073	75
5.41273	75
5.41455	75
5.41562	75
5.42319	75
5.42876	75
5.43058	75
5.43163	75
5.43903	75
5.44498	80
5.44652	75
5.44751	75
5.45467	75
5.46081	75
5.4624	75
5.46341	75
5.47316	75
5.4769	75
5.47839	75
5.47932	75
5.48909	80
5.49238	75
5.49417	75
5.49523	75
5.50256	75
5.5082	75
5.50999	75
5.51104	75
5.52081	75
5.52443	75
5.52599	75
5.52701	80
5.53343	5
5.5387	75
5.54079	75
5.54198	75
5.54943	75
5.55457	75
5.55675	75
5.55792	75
5.56498	5
5.56549	75
5.57099	75
5.5728	75
5.57384	80
5.58138	75
5.5872	75
5.58879	75
5.5898	75
5.59731	75
5.60328	75
5.60476	75
5.60577	75
5.61715	75
5.61965	75
5.62077	80
5.62166	75
5.63397	75
5.63567	75
5.63672	75
5.63755	75
5.64988	75
5.6516	75
5.65262	75
5.66005	75
5.66499	75
5.66735	80
5.66851	75
5.67594	75
5.68108	75
5.68319	75
5.68441	75
5.69147	5
5.69198	75
5.69748	75
5.69927	75
5.7003	75
5.70787	75
5.71343	80
5.71522	75
5.71623	75
5.71704	75
5.72365	5
5.72884	75
5.73102	75
5.73219	75
5.73307	75
5.744	75
5.74678	75
5.74807	75
5.74901	80
5.75871	75
5.76202	75
5.76392	75
5.76483	75
5.77226	75
5.77723	75
5.77978	75
5.78081	75
5.78824	75
5.7943	75
5.79578	80
5.79673	75
5.8081	75
5.81041	75
5.81176	75
5.81263	75
5.82393	75
5.8263	75
5.82755	75
5.82849	75
5.83997	75
5.84232	80
5.84351	75
5.85054	5
5.85105	75
5.85586	75
5.85837	75
5.85939	75
5.86021	75
5.87113	75
5.87391	75
5.87522	75
5.87614	75
5.88259	5
5.88788	80
5.89	75
5.89115	75
5.89858	75
5.90372	75
5.90584	75
5.90707	75
5.91451	75
5.92017	75
5.92199	75
5.92301	75
5.93043	80
5.93617	75
5.93786	75
5.93886	75
5.93971	75
5.95064	75
5.95342	75
5.95479	75
5.95568	75
5.9666	75
5.96937	75
5.97075	80
5.97159	75
5.98307	75
5.98539	75
5.9866	75
5.98743	75
5.99835	75
6.00113	75
6.00251	75
6.00336	75
6.00981	5
6.01425	75
6.01704	80
6.01836	75
6.01923	75
6.03072	75
6.03326	75
6.03419	75
6.03513	75
6.04159	5
6.04664	75
6.04899	75
6.05021	75
6.0576	75
6.06327	80
6.06504	75
6.06609	75
6.07585	75
6.07946	75
6.08105	75
6.082	75
6.08942	75
6.0952	75
6.09691	75
6.09792	75
6.10535	80
6.11027	75
6.11259	75
6.11382	75
6.11464	75
6.12557	75
6.12835	75
6.12967	75
6.13053	75
6.14026	75
6.14385	75
6.14544	80
6.14639	75
6.15613	75
6.15984	75
6.16098	75
6.16224	75
6.16927	5
6.16978	75
6.17459	75
6.1771	75
6.17812	75
6.18553	75
6.19119	80
6.19305	75
6.19395	75
6.20097	5
6.20148	75
6.20699	75
6.20881	75
6.20988	75
6.22127	75
6.22367	75
6.22494	75
6.22584	75
6.23735	80
6.23964	75
6.24083	75
6.24172	75
6.25265	75
6.25543	75
6.2566	75
6.25763	75
6.26938	75
6.27154	75
6.27268	75
6.28012	80
6.28585	75
6.28755	75
6.28859	75
6.29575	75
6.30158	75
6.30337	75
6.30441	75
6.31198	75
6.31752	75
6.31931	75
6.32038	80
6.3271	5
6.3301	75
6.33369	75
6.33526	75
6.33624	75
6.34359	75
6.34856	75
6.3509	75
6.35212	75
6.35918	5
6.35969	75
6.36449	75
6.36684	80
6.368	75
6.36881	75
6.37972	75
6.38251	75
6.38384	75
6.3847	75
6.39447	75
6.39821	75
6.39971	75
6.40066	75
6.41205	80
6.41439	75
6.41565	75
6.41655	75
6.42806	75
6.43041	75
6.43151	75
6.43247	75
6.44398	75
6.44633	75
6.44752	75
6.45497	80
6.46059	75
6.46238	75
6.46345	75
6.47081	75
6.47688	75
6.47838	75
6.47935	75
6.48608	5
6.49071	75
6.49307	75
6.49432	75
6.49525	80
6.50612	75
6.50889	75
6.51021	75
6.51109	75
6.51799	5
6.52087	75
6.52486	75
6.52618	75
6.52712	75
6.53802	75
6.54079	75
6.54211	80
6.543	75
6.5539	75
6.55675	75
6.55803	75
6.55895	75
6.56865	75
6.57238	75
6.57388	75
6.57485	75
6.58621	75
6.58861	80
6.58984	75
6.59074	75
6.60224	75
6.60465	75
6.60581	75
6.60663	75
6.61636	75
6.61995	75
6.62152	75
6.6225	75
6.63226	80
6.63582	75
6.63722	75
6.63832	75
6.64505	5
6.64805	75
6.65164	75
6.6532	75
6.6542	75
6.66395	75
6.66757	75
6.66897	75
6.67007	80
6.67708	5
6.67759	75
6.68321	75
6.68491	75
6.68594	75
6.69572	75
6.69933	75
6.70093	75
6.70194	75
6.71169	75
6.71528	75
6.71687	80
6.71783	75
6.72756	75
6.73128	75
6.73275	75
6.7337	75
6.74346	75
6.74708	75
6.74867	75
6.74968	75
6.76139	75
6.76357	80
6.76467	75
6.7721	75
6.77774	75
6.77953	75
6.78057	75
6.78794	75
6.79372	75
6.79544	75
6.79645	75
6.80321	5
6.8062	75
6.80982	80
6.81136	75
6.81227	75
6.82206	75
6.82567	75
6.82726	75
6.82827	75
6.83502	5
6.83966	75
6.84197	75
6.84326	75
6.84417	75
6.8565	80
6.85816	75
6.85916	75
6.86	75
6.87233	75
6.87405	75
6.87506	75
6.88251	75
6.88748	75
6.88981	75
6.891	75
6.89845	80
6.90407	75
6.90586	75
6.90692	75
6.9141	75
6.91996	75
6.92178	75
6.92284	75
6.93259	75
6.93617	75
6.93773	75
6.93875	80
6.94963	75
6.95239	75
6.95356	75
6.95459	75
6.96134	5
6.96433	75
6.96805	75
6.96952	75
6.97048	75
6.98022	75
6.98352	75
6.98533	80
6.98637	75
6.99333	5
6.99384	75
6.99865	75
7.001	75
7.00224	75
7.00966	75
7.01573	75
7.01723	75
7.0182	75
7.02956	75
7.03196	80
7.03318	75
7.03408	75
7.04559	75
7.04794	75
7.04916	75
7.05001	75
7.06174	75
7.06392	75
7.06508	75
7.06594	75
7.07687	80
7.0796	75
7.08093	75
7.08176	75
7.09348	75
7.09563	75
7.09677	75
7.1042	75
7.10998	75
7.11166	75
7.1127	75
7.11945	5
7.12247	80
7.12644	75
7.1277	75
7.12859	75
7.1359	75
7.14166	75
7.14349	75
7.14454	75
7.15159	5
7.1521	75
7.15773	75
7.15942	75
7.16046	80
7.16784	75
7.17279	75
7.17511	75
7.17633	75
7.17717	75
7.1881	75
7.19089	75
7.19221	75
7.19314	75
7.20403	75
7.20682	80
7.20809	75
7.20895	75
7.21871	75
7.22244	75
7.22375	75
7.22485	75
7.23228	75
7.23795	75
7.23985	75
7.2408	75
7.25055	80
7.25411	75
7.25578	75
7.25668	75
7.26819	75
7.27027	75
7.27165	75
7.27257	75
7.27902	5
7.28405	75
7.28638	75
7.28756	75
7.29501	80
7.30063	75
7.30242	75
7.30337	75
7.31046	5
7.31097	75
7.31581	75
7.31815	75
7.31936	75
7.32681	75
7.33258	75
7.33427	75
7.33532	80
7.34269	75
7.34845	75
7.35016	75
7.3512	75
7.35857	75
7.36424	75
7.36605	75
7.36712	75
7.3747	75
7.38064	75
7.38211	80
7.38307	75
7.39281	75
7.39655	75
7.39802	75
7.39903	75
7.40637	75
7.41132	75
7.41364	75
7.41485	75
7.42224	75
7.42791	80
7.42967	75
7.43066	75
7.43769	5
7.4382	75
7.44411	75
7.44559	75
7.44653	75
7.45629	75
7.4599	75
7.46148	75
7.46235	75
7.46942	5
7.46996	80
7.47544	75
7.47723	75
7.47827	75
7.48804	75
7.49166	75
7.49325	75
7.49426	75
7.50601	75
7.50817	75
7.50931	75
7.51675	80
7.52248	75
7.52418	75
7.52521	75
7.53264	75
7.53836	75
7.54005	75
7.54112	75
7.5487	75
7.55453	75
7.5561	75
7.55711	80
7.56684	75
7.57047	75
7.57203	75
7.57301	75
7.58052	75
7.5865	75
7.58797	75
7.58898	75
7.59587	5
7.59873	75
7.60235	75
7.60395	80
7.60491	75
7.61469	75
7.61868	75
7.62	75
7.62094	75
7.62763	5
7.63063	75
7.63397	75
7.63578	75
7.63684	75
7.64822	75
7.65062	80
7.65184	75
7.65273	75
7.66248	75
7.6665	75
7.66778	75
7.66862	75
7.6784	75
7.68201	75
7.68361	75
7.6846	75
7.69634	80
7.69846	75
7.69961	75
7.70704	75
7.71218	75
7.71435	75
7.71552	75
7.72293	75
7.72857	75
7.73036	75
7.7314	75
7.74117	80
7.74391	5
7.74473	75
7.7463	75
7.74724	75
7.75481	75
7.76076	75
7.76221	75
7.76319	75
7.77295	75
7.77667	75
7.77814	75
7.77904	80
7.78606	5
7.78657	75
7.79236	75
7.79397	75
7.79493	75
7.80634	75
7.80865	75
7.80998	75
7.81092	75
7.82181	75
7.82464	75
7.82593	80
7.8268	75
7.83852	75
7.84063	75
7.84185	75
7.84269	75
7.85444	75
7.85661	75
7.85778	75
7.8652	75
7.87096	75
7.87268	80
7.87367	75
7.88342	75
7.88704	75
7.88862	75
7.88955	75
7.89896	5
7.89947	75
7.90295	75
7.90454	75
7.90552	75
7.91725	75
7.91922	80
7.92049	75
7.92134	75
7.93111	75
7.93472	75
7.93631	75
7.93732	75
7.94407	5
7.94707	75
7.95069	75
7.95225	75
7.95323	75
7.96299	80
7.96668	75
7.96816	75
7.96903	75
7.97649	75
7.98146	75
7.98381	75
7.98504	75
7.99247	75
7.99813	75
8.00002	75
8.001	80
8.01071	75
8.0143	75
8.01598	75
8.01683	75
8.02656	75
8.03015	75
8.03181	75
8.03272	75
8.04248	75
8.0462	75
8.04768	80
8.04858	75
8.05532	5
8.05831	75
8.06191	75
8.0636	75
8.06451	75
8.07622	75
8.07838	75
8.07952	75
8.08694	75
8.09269	75
8.09441	80
8.0954	75
8.10238	5
8.10289	75
8.10841	75
8.11023	75
8.11129	75
8.11888	75
8.12445	75
8.12626	75
8.12732	75
8.13487	75
8.14085	80
8.14227	75
8.14325	75
8.1506	75
8.15655	75
8.15814	75
8.15915	75
8.17054	75
8.17285	75
8.17414	75
8.17505	75
8.18738	80
8.18904	75
8.19004	75
8.19086	75
8.2018	75
8.20465	75
8.20593	75
8.20686	75
8.21332	5
8.2186	75
8.22076	75
8.2219	75
8.22934	80
8.23495	75
8.23674	75
8.23778	75
8.24497	75
8.25083	75
8.25264	75
8.2537	75
8.26091	5
8.26143	75
8.26683	75
8.26864	75
8.26968	80
8.27722	75
8.28304	75
8.28463	75
8.28564	75
8.293	75
8.29878	75
8.3005	75
8.30154	75
8.30895	75
8.31389	75
8.31624	80
8.31743	75
8.32483	75
8.3306	75
8.33232	75
8.33336	75
8.33417	75
8.34507	75
8.34784	75
8.34914	75
8.35004	75
8.36155	80
8.36385	75
8.36493	75
8.36586	75
8.37232	5
8.37737	75
8.37972	75
8.38093	75
8.38835	75
8.39399	75
8.39578	75
8.39682	75
8.40659	80
8.41015	75
8.41173	75
8.41263	75
8.41941	5
8.42241	75
8.42603	75
8.42762	75
8.42862	75
8.44002	75
8.4424	75
8.44365	75
8.44458	80
8.45627	75
8.45842	75
8.45958	75
8.4604	75
8.47134	75
8.47413	75
8.47545	75
8.47639	75
8.48729	75
8.49006	75
8.49138	80
8.49227	75
8.50317	75
8.50594	75
8.50724	75
8.50809	75
8.51947	75
8.52186	75
8.52314	75
8.52405	75
8.5305	5
8.53576	75
8.53794	80
8.53906	75
8.54647	75
8.55211	75
8.5539	75
8.55494	75
8.55577	75
8.56669	75
8.56947	75
8.5708	75
8.57171	75
8.57816	5
8.58263	80
8.58537	75
8.58667	75
8.58755	75
8.59731	75
8.60092	75
8.60251	75
8.60352	75
8.61327	75
8.61689	75
8.61845	75
8.61947	80
8.62917	75
8.63276	75
8.63434	75
8.63527	75
8.6427	75
8.64849	75
8.65019	75
8.65123	75
8.65864	75
8.66359	75
8.66612	80
8.66711	75
8.67452	75
8.68016	75
8.68188	75
8.68298	75
8.69004	5
8.69055	75
8.6962	75
8.69789	75
8.69893	75
8.70633	75
8.71211	80
8.71376	75
8.71481	75
8.72456	75
8.72817	75
8.72964	75
8.73072	75
8.73748	5
8.74048	75
8.74409	75
8.74577	75
8.74666	75
8.75841	80
8.76053	75
8.76168	75
8.76911	75
8.77425	75
8.77643	75
8.7776	75
8.78503	75
8.7907	75
8.79248	75
8.79352	75
8.80329	80
8.80685	75
8.80844	75
8.80943	75
8.81911	75
8.8227	75
8.82427	75
8.82526	75
8.83663	75
8.83913	75
8.84023	75
8.84117	80
8.84759	5
8.85344	75
8.85515	75
8.85617	75
8.857	75
8.86931	75
8.87081	75
8.872	75
8.87943	75
8.88437	75
8.88669	75
8.88791	80
8.8887	75
8.89516	5
8.90042	75
8.90254	75
8.90377	75
8.90466	75
8.91646	75
8.91863	75
8.9198	75
8.92069	75
8.93246	75
8.93476	80
8.93575	75
8.94316	75
8.9491	75
8.95069	75
8.9517	75
8.95906	75
8.96484	75
8.96637	75
8.96759	75
8.97499	75
8.97996	80
8.98226	75
8.98345	75
8.9843	75
8.99522	75
8.99808	75
8.99935	75
9.00028	75
9.00674	5
9.01179	75
9.01412	75
9.01532	75
9.01621	80
9.02709	75
9.02985	75
9.0312	75
9.03203	75
9.04179	75
9.04552	75
9.047	75
9.048	75
9.05476	5
9.05776	75
9.06149	75
9.06305	80
9.06392	75
9.07529	75
9.07765	75
9.07897	75
9.07985	75
9.09118	75
9.09357	75
9.09489	75
9.09577	75
9.10726	75
9.1098	80
9.11077	75
9.11165	75
9.12256	75
9.12534	75
9.12667	75
9.12751	75
9.13492	75
9.13986	75
9.14238	75
9.14338	75
9.15082	80
9.15655	75
9.15796	75
9.15923	75
9.16628	5
9.16679	75
9.17232	75
9.17414	75
9.1752	75
9.18493	75
9.18852	75
9.19009	75
9.1911	80
9.2008	75
9.20439	75
9.2058	75
9.2069	75
9.21396	5
9.21447	75
9.22012	75
9.22184	75
9.22287	75
9.2303	75
9.23528	75
9.23781	80
9.2388	75
9.2462	75
9.25196	75
9.25367	75
9.25465	75
9.26208	75
9.26816	75
9.26956	75
9.27063	75
9.28199	75
9.28438	80
9.28559	75
9.28651	75
9.29799	75
9.30032	75
9.30151	75
9.30235	75
9.31409	75
9.31626	75
9.31742	75
9.31828	75
9.32473	5
9.33003	80
9.33215	75
9.33328	75
9.34071	75
9.34582	75
9.34798	75
9.34912	75
9.35653	75
9.3622	75
9.36398	75
9.36502	75
9.37221	5
9.37274	80
9.37812	75
9.37991	75
9.38097	75
9.38855	75
9.39359	75
9.39556	75
9.39688	75
9.39781	75
9.40757	75
9.41116	75
9.41275	80
9.41369	75
9.4211	75
9.42605	75
9.42858	75
9.42955	75
9.43044	75
9.44137	75
9.44416	75
9.44551	75
9.44637	75
9.45729	80
9.46003	75
9.46136	75
9.46224	75
9.47374	75
9.47581	75
9.47724	75
9.47814	75
9.4846	5
9.48965	75
9.49219	75
9.49319	75
9.50062	80
9.50624	75
9.50803	75
9.50907	75
9.51648	75
9.52256	75
9.52393	75
9.52498	75
9.53174	5
9.53474	75
9.53835	75
9.54001	75
9.54094	80
9.55263	75
9.55472	75
9.55594	75
9.55676	75
9.5677	75
9.57049	75
9.57181	75
9.57275	75
9.58365	75
9.58642	75
9.58774	80
9.58863	75
9.59955	75
9.60234	75
9.60366	75
9.60452	75
9.61427	75
9.61798	75
9.61936	75
9.62041	75
9.63177	75
9.63417	80
9.6354	75
9.63622	75
9.64297	5
9.64597	75
9.64959	75
9.65128	75
9.65218	75
9.6639	75
9.66605	75
9.66715	75
9.66806	75
9.67899	80
9.68173	75
9.68287	75
9.68389	75
9.69065	5
9.69365	75
9.69726	75
9.69885	75
9.69986	75
9.70962	75
9.71323	75
9.7148	75
9.71581	80
9.72552	75
9.72911	75
9.73068	75
9.73162	75
9.74139	75
9.745	75
9.74669	75
9.74761	75
9.75737	75
9.76095	75
9.76254	80
9.76351	75
9.77523	75
9.77738	75
9.77852	75
9.77934	75
9.7891	75
9.79284	75
9.79431	75
9.79529	75
9.80203	5
9.80502	75
9.80863	80
9.81026	75
9.81116	75
9.82288	75
9.82503	75
9.82618	75
9.82701	75
9.83874	75
9.84092	75
9.84208	75
9.84911	5
9.84962	75
9.85527	80
9.85694	75
9.85795	75
9.86533	75
9.87111	75
9.87283	75
9.87387	75
9.88144	75
9.88742	75
9.88887	75
9.88985	75
9.89961	80
9.9033	75
9.90477	75
9.90575	75
9.91326	75
9.91923	75
9.9207	75
9.92172	75
9.93309	75
9.93537	75
9.93667	75
9.93761	80
9.94848	75
9.95133	75
9.95261	75
9.95354	75
9.96023	5
9.96323	75
9.96697	75
9.96847	75
9.96943	75
9.98079	75
9.98316	75
9.98444	80
9.98531	75
9.99679	75
9.99915	75
10.0004	75
10.0012	75
10.0077	5
10.0129	75
10.0151	75
10.0163	75
10.0172	75
10.0289	75
10.0311	80
10.0322	75
10.0396	75
10.0452	75
10.0471	75
10.0481	75
10.049	75
10.0599	75
10.0627	75
10.064	75
10.0649	75
10.0758	80
10.0785	75
10.0799	75
10.0807	75
10.0904	75
10.094	75
10.0956	75
10.0966	75
10.1063	75
10.11	75
10.1115	75
10.1125	80
10.1193	5
10.1222	75
10.126	75
10.1274	75
10.1283	75
10.1357	75
10.1407	75
10.1432	75
10.1442	75
10.1517	75
10.1566	75
10.1592	80
10.1601	75
10.1672	5
10.1677	75
10.1732	75
10.1751	75
10.176	75
10.1834	75
10.1892	75
10.1909	75
10.192	75
10.1994	75
10.2052	80
10.2068	75
10.2079	75
10.2176	75
10.2212	75
10.2229	75
10.2238	75
10.2335	75
10.2371	75
10.2388	75
10.2397	75
10.2514	80
10.2536	75
10.2547	75
10.2621	75
10.2673	75
10.2694	75
10.2706	75
10.2777	5
10.2782	75
10.2837	75
10.2855	75
10.2865	75
10.2963	80
10.2999	75
10.3015	75
10.3024	75
10.3121	75
10.3158	75
10.3173	75
10.3184	75
10.3253	5
10.3281	75
10.3318	75
10.3333	75
10.3343	80
10.3441	75
10.348	75
10.3494	75
10.3503	75
10.3616	75
10.3639	75
10.3653	75
10.3662	75
10.3771	75
10.3799	75
10.3812	80
10.3821	75
10.3938	75
10.3959	75
10.3971	75
10.398	75
10.4097	75
10.4118	75
10.413	75
10.4204	75
10.4262	75
10.4279	80
10.4289	75
10.4297	75
10.4363	5
10.4414	75
10.4438	75
10.4448	75
10.4522	75
10.4581	75
10.4597	75
10.4607	75
10.472	75
10.4744	80
10.4756	75
10.4765	75
10.4832	5
10.4862	75
10.49	75
10.4915	75
10.4924	75
10.5022	75
10.5059	75
10.5074	75
10.5084	75
10.5181	80
10.5214	75
10.5232	75
10.5243	75
10.5316	75
10.5366	75
10.539	75
10.5402	75
10.5476	75
10.5533	75
10.5551	75
10.5561	80
10.5659	75
10.5696	75
10.571	75
10.572	75
10.5794	75
10.5846	5
10.5852	75
10.5868	75
10.5879	75
10.5953	75
10.6011	75
10.6028	80
10.6038	75
10.6136	75
10.6172	75
10.6188	75
10.6197	75
10.6294	75
10.633	75
10.6347	75
10.6356	75
10.6421	5
10.6473	75
10.6495	80
10.6506	75
10.6581	75
10.6637	75
10.6655	75
10.6665	75
10.674	75
10.6796	75
10.6815	75
10.6825	75
10.6922	75
10.6959	80
10.6974	75
10.6984	75
10.7059	75
10.7117	75
10.7133	75
10.7143	75
10.7256	75
10.7282	75
10.7292	75
10.7302	75
10.7411	5
10.7416	80
10.7438	75
10.7451	75
10.746	75
10.7583	75
10.7598	75
10.761	75
10.7685	75
10.7734	75
10.7757	75
10.7769	75
10.7844	80
10.79	75
10.7918	75
10.7928	75
10.7937	75
10.8003	5
10.8055	75
10.8076	75
10.8088	75
10.8097	75
10.8215	75
10.8238	75
10.8248	80
10.8256	75
10.8374	75
10.8396	75
10.8408	75
10.8416	75
10.8513	75
10.855	75
10.8565	75
10.8575	75
10.8673	75
10.8709	80
10.8724	75
10.8734	75
10.8808	75
10.8858	75
10.8879	75
10.8893	75
10.8902	75
10.8967	5
10.9017	75
10.9043	75
10.9053	75
10.9127	80
10.9183	75
10.9202	75
10.9211	75
10.9309	75
10.9346	75
10.9359	75
10.937	75
10.9444	75
10.9494	75
10.9519	75
10.9529	80
10.9599	5
10.9604	75
10.9653	75
10.9678	75
10.9688	75
10.9762	75
10.9819	75
10.9837	75
10.9848	75
10.9945	75
10.9981	75
10.9998	80
11.0007	75
11.0121	75
11.0145	75
11.0157	75
11.0165	75
11.0275	75
11.0303	75
11.0315	75
11.0324	75
11.0441	75
11.0463	80
11.0474	75
11.0483	75
11.0547	5
11.0592	75
11.062	75
11.0633	75
11.0642	75
11.0757	75
11.0781	75
11.0793	75
11.0867	75
11.0924	80
11.0941	75
11.0952	75
11.1023	75
11.1082	75
11.11	75
11.1111	75
11.1183	5
11.1188	75
11.1246	75
11.1261	75
11.1271	75
11.1368	80
11.1405	75
11.142	75
11.143	75
11.1503	75
11.1561	75
11.1578	75
11.1589	75
11.1597	75
11.1706	75
11.1734	75
11.1746	80
11.1756	75
11.1853	75
11.1889	75
11.1905	75
11.1914	75
11.1988	75
11.2038	75
11.2063	75
11.2074	75
11.2144	5
11.215	75
11.2205	80
11.2223	75
11.2233	75
11.2347	75
11.237	75
11.2381	75
11.2392	75
11.2505	75
11.2525	75
11.2542	75
11.255	75
11.2668	80
11.2689	75
11.2699	75
11.2709	75
11.2773	5
11.2824	75
11.2847	75
11.2859	75
11.2934	75
11.2992	75
11.3009	75
11.3019	75
11.3095	80
11.3154	75
11.3168	75
11.3178	75
11.325	75
11.3309	75
11.3327	75
11.3337	75
11.3413	75
11.3468	75
11.3486	75
11.3497	80
11.3571	75
11.362	75
11.3644	75
11.3656	75
11.3664	75
11.3729	5
11.3774	75
11.3804	75
11.3815	75
11.3824	75
11.3933	75
11.3961	80
11.3974	75
11.3983	75
11.4092	75
11.4119	75
11.4131	75
11.4141	75
11.4255	75
11.4279	75
11.4291	75
11.43	75
11.4365	5
11.4415	80
11.4439	75
11.4451	75
11.4525	75
11.4581	75
11.4599	75
11.4609	75
11.4684	75
11.4734	75
11.4757	75
11.4769	75
11.4843	80
11.4904	75
11.4918	75
11.4928	75
11.5001	75
11.5059	75
11.5074	75
11.5086	75
11.5094	75
11.5204	75
11.5231	75
11.5244	80
11.5253	75
11.5318	5
11.5362	75
11.539	75
11.5404	75
11.5412	75
11.5509	75
11.5546	75
11.5561	75
11.5571	75
11.5669	75
11.5706	80
11.572	75
11.573	75
11.5844	75
11.5868	75
11.5879	75
11.5889	75
11.5957	5
11.6003	75
11.6026	75
11.604	75
11.6048	75
11.6162	80
11.6182	75
11.6198	75
11.6207	75
11.6322	75
11.6346	75
11.6357	75
11.6367	75
11.6476	75
11.6504	75
11.6517	75
11.6526	80
11.6635	75
11.6662	75
11.6676	75
11.6684	75
11.6801	75
11.6823	75
11.6835	75
11.6906	5
11.6911	75
11.6966	75
11.6984	75
11.6994	80
11.7068	75
11.7126	75
11.7143	75
11.7153	75
11.7161	75
11.727	75
11.7298	75
11.7311	75
11.732	75
11.7429	75
11.7459	80
11.7468	75
11.7478	75
11.7546	5
11.7575	75
11.7613	75
11.7628	75
11.7638	75
11.7735	75
11.7771	75
11.7787	75
11.7797	75
11.7895	80
11.793	75
11.7946	75
11.7954	75
11.7963	75
11.8073	75
11.8101	75
11.8114	75
11.8123	75
11.8238	75
11.8261	75
11.8273	80
11.8347	75
11.8403	75
11.8422	75
11.8431	75
11.8502	5
11.8507	75
11.8564	75
11.8581	75
11.8591	75
11.8665	75
11.8723	75
11.874	80
11.875	75
11.8848	75
11.8883	75
11.89	75
11.8908	75
11.9006	75
11.9042	75
11.9058	75
11.9068	75
11.9133	5
11.9177	75
11.9205	80
11.9218	75
11.9293	75
11.9342	75
11.9366	75
11.9378	75
11.9386	75
11.9496	75
11.9523	75
11.9536	75
11.9546	75
11.9661	80
11.9684	75
11.9696	75
11.9704	75
11.9819	75
11.9843	75
11.9854	75
11.9928	75
11.9985	75
12.0003	75
12.0013	75
12.0085	5
12.009	80
12.0148	75
12.0163	75
12.0173	75
12.0248	75
12.0308	75
12.0322	75
12.0332	75
12.043	75
12.0467	75
12.0482	75
12.0491	80
12.0588	75
12.0628	75
12.0641	75
12.0649	75
12.0717	5
12.0747	75
12.0785	75
12.08	75
12.081	75
12.0907	75
12.0944	75
12.0958	80
12.0968	75
12.1066	75
12.1103	75
12.1118	75
12.1127	75
12.1201	75
12.1258	75
12.1276	75
12.1287	75
12.1384	75
12.142	80
12.1437	75
12.1446	75
12.1563	75
12.1567	5
12.1585	75
12.1596	75
12.1605	75
12.1722	75
12.1744	75
12.1755	75
12.1764	75
12.1881	80
12.1901	75
12.1912	75
12.1922	75
12.2039	75
12.2061	75
12.2072	75
12.2147	75
12.2204	75
12.2221	75
12.2232	75
12.2302	5
12.2307	80
12.2363	75
12.238	75
12.2391	75
12.2462	75
12.2521	75
12.2539	75
12.255	75
12.2626	75
12.2685	75
12.27	75
12.271	80
12.2807	75
12.2844	75
12.2859	75
12.2868	75
12.2942	75
12.2991	75
12.3015	75
12.3027	75
12.3101	75
12.3124	5
12.3151	75
12.3176	80
12.3186	75
12.3194	75
12.3303	75
12.3331	75
12.3342	75
12.3353	75
12.3467	75
12.3491	75
12.3503	75
12.3512	75
12.3627	80
12.365	75
12.3662	75
12.3736	75
12.3793	75
12.3811	75
12.3821	75
12.3892	5
12.3897	75
12.3952	75
12.397	75
12.3981	75
12.4079	80
12.4114	75
12.413	75
12.414	75
12.4253	75
12.4277	75
12.429	75
12.4299	75
12.4416	75
12.4437	75
12.4449	75
12.4524	80
12.4573	75
12.4596	75
12.4608	75
12.4617	75
12.4681	5
12.4726	75
12.4754	75
12.4767	75
12.4776	75
12.4885	75
12.4913	75
12.4926	80
12.4935	75
12.505	75
12.5074	75
12.5085	75
12.5094	75
12.5209	75
12.5232	75
12.5244	75
12.5318	75
12.5368	75
12.5392	80
12.5403	75
12.5411	75
12.5479	5
12.5509	75
12.5545	75
12.5561	75
12.5571	75
12.5668	75
12.5706	75
12.5721	75
12.573	75
12.5844	80
12.5867	75
12.588	75
12.5889	75
12.5998	75
12.6026	75
12.6037	75
12.6047	75
12.6145	75
12.6181	75
12.6197	75
12.6207	80
12.6274	5
12.6304	75
12.6341	75
12.6355	75
12.6365	75
12.6439	75
12.6489	75
12.6514	75
12.6524	75
12.6533	75
12.6649	75
12.6674	80
12.6684	75
12.6781	75
12.6817	75
12.6834	75
12.6842	75
12.694	75
12.6976	75
12.6992	75
12.7002	75
12.7069	5
12.7099	75
12.7135	80
12.7151	75
12.7161	75
12.7258	75
12.7294	75
12.7311	75
12.7319	75
12.7417	75
12.7453	75
12.747	75
12.7479	75
12.7596	80
12.7618	75
12.7629	75
12.7637	75
12.7753	75
12.7776	75
12.7788	75
12.7859	5
12.7864	75
12.7912	75
12.7936	75
12.7948	75
12.8022	80
12.8078	75
12.8096	75
12.8105	75
12.818	75
12.8237	75
12.8255	75
12.8266	75
12.8363	75
12.8399	75
12.8415	75
12.8425	80
12.8522	75
12.8562	75
12.8575	75
12.8584	75
12.8653	5
12.8682	75
12.8722	75
12.8735	75
12.8744	75
12.8853	75
12.8881	75
12.8893	80
12.8903	75
12.9	75
12.9038	75
12.9053	75
12.9062	75
12.9136	75
12.9196	75
12.921	75
12.922	75
12.9318	75
12.9354	80
12.9369	75
12.9379	75
12.9446	5
12.9476	75
12.9512	75
12.9528	75
12.9538	75
12.9648	75
12.9677	75
12.9689	75
12.9763	75
12.9821	80
12.9838	75
12.9848	75
12.9921	75
12.9979	75
12.9996	75
13.0006	75
13.008	75
13.013	75
13.0153	75
13.0165	75
13.0237	5
13.0242	80
13.03	75
13.0315	75
13.0325	75
13.0396	75
13.0458	75
13.0474	75
13.0484	75
13.0598	75
13.0621	75
13.0634	75
13.0643	80
13.0766	75
13.0783	75
13.0793	75
13.0801	75
13.091	75
13.0938	75
13.0951	75
13.096	75
13.1025	5
13.1078	75
13.1099	75
13.1111	80
13.1185	75
13.1241	75
13.1259	75
13.127	75
13.1344	75
13.1401	75
13.1419	75
13.1429	75
13.1505	75
13.156	75
13.1579	80
13.1589	75
13.1664	75
13.1723	75
13.1739	75
13.1749	75
13.1819	5
13.1824	75
13.188	75
13.1897	75
13.1908	75
13.1982	75
13.2031	80
13.2054	75
13.2067	75
13.2075	75
13.2184	75
13.2212	75
13.2226	75
13.2234	75
13.2343	75
13.2371	75
13.2384	75
13.2393	80
13.2508	75
13.2531	75
13.2542	75
13.2552	75
13.2616	5
13.2667	75
13.269	75
13.2702	75
13.2777	75
13.2833	75
13.2851	75
13.2862	80
13.2959	75
13.2995	75
13.3012	75
13.3021	75
13.3134	75
13.3158	75
13.317	75
13.3179	75
13.3296	75
13.3317	75
13.3329	80
13.34	5
13.3405	75
13.3453	75
13.3476	75
13.3489	75
13.3497	75
13.3606	75
13.3634	75
13.3647	75
13.3657	75
13.3766	75
13.3793	80
13.3806	75
13.3815	75
13.3912	75
13.3949	75
13.3964	75
13.3974	75
13.4071	75
13.4104	75
13.4122	75
13.4133	75
13.42	5
13.4231	80
13.4266	75
13.4282	75
13.4291	75
13.4365	75
13.4423	75
13.444	75
13.4451	75
13.4525	75
13.4575	75
13.46	75
13.461	80
13.4684	75
13.4745	75
13.4759	75
13.4769	75
13.4843	75
13.4901	75
13.4918	75
13.4928	75
13.4999	5
13.5004	75
13.506	75
13.5077	80
13.5088	75
13.5185	75
13.5221	75
13.5238	75
13.5246	75
13.5344	75
13.5384	75
13.5397	75
13.5406	75
13.5523	75
13.5545	80
13.5556	75
13.563	75
13.5687	75
13.5702	75
13.5715	75
13.5786	5
13.5791	75
13.5846	75
13.5864	75
13.5875	75
13.5972	75
13.6008	80
13.6024	75
13.6034	75
13.6131	75
13.6167	75
13.6183	75
13.6193	75
13.629	75
13.6327	75
13.6342	75
13.6352	75
13.645	80
13.6485	75
13.6501	75
13.6511	75
13.6582	5
13.6587	75
13.6646	75
13.6661	75
13.6671	75
13.6768	75
13.6805	75
13.682	75
13.683	80
13.6943	75
13.6967	75
13.698	75
13.6989	75
13.7102	75
13.7121	75
13.7137	75
13.7147	75
13.7256	75
13.7284	75
13.7297	80
13.7306	75
13.7372	5
13.743	75
13.7447	75
13.7458	75
13.7466	75
13.7584	75
13.7607	75
13.7617	75
13.7693	75
13.7752	75
13.7767	80
13.7777	75
13.789	75
13.7913	75
13.7926	75
13.7935	75
13.8049	75
13.8072	75
13.8085	75
13.8094	75
13.8159	5
13.8203	75
13.8231	80
13.8244	75
13.8253	75
13.835	75
13.8387	75
13.8402	75
13.8412	75
13.851	75
13.8547	75
13.8562	75
13.8572	75
13.8669	80
13.8702	75
13.872	75
13.8731	75
13.8804	75
13.8854	75
13.8864	5
13.8877	75
13.8889	75
13.8964	75
13.9021	75
13.9038	75
13.9049	80
13.9123	75
13.9181	75
13.9197	75
13.9207	75
13.9216	75
13.9326	75
13.9355	75
13.9367	75
13.9376	75
13.9485	75
13.9515	80
13.9526	75
13.96	75
13.9656	75
13.9672	75
13.9685	75
13.9755	5
13.976	75
13.9816	75
13.9834	75
13.9844	75
13.9942	75
13.9982	80
13.9994	75
14.0003	75
14.0118	75
14.0141	75
14.0153	75
14.0162	75
14.0279	75
14.03	75
14.0312	75
14.0386	75
14.0408	5
14.0443	80
14.046	75
14.0471	75
14.0545	75
14.0594	75
14.0618	75
14.063	75
14.0704	75
14.0754	75
14.0777	75
14.0789	75
14.0863	80
14.092	75
14.0938	75
14.0948	75
14.102	75
14.1078	75
14.1096	75
14.1107	75
14.1181	75
14.1238	75
14.1255	75
14.1266	80
14.1336	5
14.1341	75
14.1389	75
14.1412	75
14.1424	75
14.1433	75
14.1542	75
14.157	75
14.1583	75
14.1593	75
14.1707	75
14.1731	80
14.1743	75
14.1817	75
14.1877	75
14.1892	75
14.1901	75
14.1972	5
14.1977	75
14.2036	75
14.2051	75
14.2061	75
14.2175	75
14.2199	80
14.2211	75
14.222	75
14.2335	75
14.2359	75
14.237	75
14.2379	75
14.2494	75
14.2518	75
14.253	75
14.2604	75
14.2661	80
14.2678	75
14.2689	75
14.2762	75
14.2812	75
14.2835	75
14.2848	75
14.2918	5
14.2923	75
14.2972	75
14.2995	75
14.3007	75
14.3081	80
14.3138	75
14.3155	75
14.3166	75
14.3238	75
14.3296	75
14.3314	75
14.3324	75
14.3399	75
14.3456	75
14.3473	75
14.3484	80
14.3554	5
14.3559	75
14.3607	75
14.363	75
14.3642	75
14.3651	75
14.376	75
14.3788	75
14.3801	75
14.381	75
14.3925	75
14.3949	80
14.3961	75
14.4035	75
14.4095	75
14.411	75
14.4119	75
14.4193	75
14.4254	75
14.4269	75
14.4278	75
14.4392	75
14.4416	80
14.4428	75
14.4436	75
14.4504	5
14.4534	75
14.4574	75
14.4587	75
14.4596	75
14.4713	75
14.4735	75
14.4747	75
14.4821	75
14.4877	80
14.4895	75
14.4905	75
14.4914	75
14.5032	75
14.5053	75
14.5065	75
14.5136	5
14.5141	75
14.5189	75
14.5212	75
14.5224	75
14.5299	80
14.5355	75
14.5373	75
14.5383	75
14.5455	75
14.5514	75
14.5532	75
14.5542	75
14.5617	75
14.5674	75
14.5691	75
14.5702	80
14.5799	75
14.5835	75
14.585	75
14.586	75
14.5934	75
14.5984	75
14.6007	75
14.6019	75
14.609	5
14.6095	75
14.615	75
14.6168	80
14.6178	75
14.6276	75
14.6313	75
14.6328	75
14.6337	75
14.6411	75
14.6471	75
14.6486	75
14.6496	75
14.6609	75
14.6633	80
14.6646	75
14.6654	75
14.6721	5
14.6768	75
14.6792	75
14.6804	75
14.6814	75
14.6931	75
14.6953	75
14.6964	75
14.7039	75
14.7096	80
14.7113	75
14.7123	75
14.7131	75
14.7257	75
14.7272	75
14.7283	75
14.7359	75
14.7414	75
14.7432	75
14.7442	75
14.7516	80
14.7575	75
14.7591	75
14.7601	75
14.7671	5
14.7676	75
14.7734	75
14.775	75
14.776	75
14.7858	75
14.7895	75
14.791	75
14.7919	80
14.8017	75
14.8052	75
14.8068	75
14.8078	75
14.8151	75
14.8201	75
14.8225	75
14.8237	75
14.8307	5
14.8313	75
14.8367	75
14.8386	80
14.8396	75
14.8469	75
14.8519	75
14.8542	75
14.8553	75
14.8563	75
14.868	75
14.8701	75
14.8714	75
14.8788	75
14.8844	80
14.8862	75
14.8872	75
14.8986	75
14.9006	75
14.9023	75
14.9031	75
14.9129	75
14.9165	75
14.9181	75
14.919	75
14.9255	5
14.93	80
14.9327	75
14.934	75
14.9349	75
14.9446	75
14.9488	75
14.95	75
14.9509	75
14.9627	75
14.9648	75
14.9659	75
14.9668	80
14.9794	75
14.9808	75
14.9819	75
14.9889	5
14.9894	75
14.9942	75
14.9966	75
14.9978	75
14.9987	75
15.0113	75
15.0128	75
15.0138	80
15.0212	75
15.0261	75
15.0287	75
15.0297	75
15.0371	75
15.0429	75
15.0446	75
15.0456	75
15.053	75
15.0588	75
15.0605	80
15.0615	75
15.0689	75
15.0749	75
15.0765	75
15.0774	75
15.0844	5
15.0849	75
15.0898	75
15.0921	75
15.0933	75
15.1007	75
15.1057	80
15.108	75
15.1092	75
15.11	75
15.1215	75
15.1238	75
15.1251	75
15.1325	75
15.1374	75
15.1398	75
15.141	75
15.148	5
15.1486	80
15.1544	75
15.1558	75
15.1569	75
15.1643	75
15.1699	75
15.1717	75
15.1728	75
15.1842	75
15.1866	75
15.1878	75
15.1888	80
15.2002	75
15.2026	75
15.2038	75
15.2112	75
15.2163	75
15.2184	75
15.2196	75
15.227	75
15.2326	75
15.2344	75
15.2355	80
15.2427	5
15.2432	75
15.2486	75
15.2504	75
15.2515	75
15.2588	75
15.2645	75
15.2663	75
15.2674	75
15.275	75
15.2808	75
15.2824	80
15.2833	75
15.2947	75
15.2972	75
15.2984	75
15.2993	75
15.306	5
15.309	75
15.3127	75
15.3142	75
15.3152	75
15.3249	75
15.3287	80
15.3301	75
15.3311	75
15.3384	75
15.3445	75
15.346	75
15.347	75
15.3584	75
15.3608	75
15.362	75
15.3629	75
15.3747	80
15.3768	75
15.3779	75
15.3788	75
15.3903	75
15.3926	75
15.3938	75
15.4009	5
15.4014	75
15.407	75
15.4088	75
15.4098	75
15.4172	80
15.423	75
15.4247	75
15.4257	75
15.433	75
15.4387	75
15.4405	75
15.4415	75
15.4491	75
15.455	75
15.4565	75
15.4575	80
15.4642	5
15.4688	75
15.4711	75
15.4725	75
15.4734	75
15.4831	75
15.4868	75
15.4883	75
15.4893	75
15.4991	75
15.5028	75
15.5043	80
15.5052	75
15.5149	75
15.5187	75
15.5202	75
15.5211	75
15.5285	75
15.5341	75
15.5359	75
15.5369	75
15.5467	75
15.5503	80
15.5519	75
15.5528	75
15.5595	5
15.5625	75
15.5661	75
15.5678	75
15.5687	75
15.5805	75
15.5827	75
15.5838	75
15.5847	75
15.5956	80
15.5983	75
15.5997	75
15.6005	75
15.6123	75
15.6144	75
15.6156	75
15.6227	5
15.6232	75
15.6288	75
15.6305	75
15.6315	75
15.6391	80
15.645	75
15.6465	75
15.6475	75
15.6548	75
15.6606	75
15.6624	75
15.6635	75
15.671	75
15.677	75
15.6784	75
15.6795	80
15.6892	75
15.6932	75
15.6945	75
15.6954	75
15.7051	75
15.7084	75
15.7102	75
15.7113	75
15.718	5
15.721	75
15.7247	75
15.7262	80
15.7272	75
15.7369	75
15.7407	75
15.7422	75
15.743	75
15.7505	75
15.7561	75
15.7579	75
15.7589	75
15.7687	75
15.7723	80
15.7738	75
15.7747	75
15.7815	5
15.7845	75
15.7885	75
15.7898	75
15.7907	75
15.8025	75
15.8047	75
15.8058	75
15.8132	75
15.8182	80
15.8203	75
15.8217	75
15.8225	75
15.8343	75
15.8364	75
15.8376	75
15.845	75
15.8508	75
15.8525	75
15.8535	75
15.8611	80
15.867	75
15.8684	75
15.8694	75
15.8766	5
15.8771	75
15.8825	75
15.8843	75
15.8854	75
15.893	75
15.8989	75
15.9004	75
15.9014	80
15.9111	75
15.9151	75
15.9164	75
15.9173	75
15.927	75
15.9303	75
15.9321	75
15.9332	75
15.94	5
15.943	75
15.947	75
15.9482	80
15.9491	75
15.96	75
15.9629	75
15.9642	75
15.965	75
15.9748	75
15.9784	75
15.9801	75
15.981	75
15.9927	75
15.9949	80
15.996	75
16.0034	75
16.0091	75
16.0108	75
16.0119	75
16.0193	75
16.0249	75
16.0268	75
16.0278	75
16.035	5
16.0355	75
16.0413	80
16.0428	75
16.0437	75
16.0511	75
16.057	75
16.0586	75
16.0596	75
16.071	75
16.0733	75
16.0746	75
16.0755	75
16.0864	80
16.0892	75
16.0905	75
16.0913	75
16.0981	5
16.1027	75
16.105	75
16.1064	75
16.1073	75
16.1182	75
16.1211	75
16.1223	75
16.1232	80
16.1349	75
16.1371	75
16.1382	75
16.1457	75
16.1508	75
16.153	75
16.1542	75
16.1616	75
16.1672	75
16.169	75
16.1701	80
16.1776	75
16.1834	75
16.185	75
16.186	75
16.193	5
16.1935	75
16.1992	75
16.2009	75
16.2019	75
16.2093	75
16.2151	75
16.2168	80
16.2178	75
16.2252	75
16.231	75
16.2327	75
16.2337	75
16.2345	75
16.2454	75
16.2482	75
16.2495	75
16.2504	75
16.2569	5
16.2614	80
16.2641	75
16.2654	75
16.2663	75
16.2777	75
16.28	75
16.2813	75
16.2823	75
16.2938	75
16.2961	75
16.2973	75
16.3047	80
16.3104	75
16.3122	75
16.3132	75
16.3205	75
16.3262	75
16.328	75
16.329	75
16.3404	75
16.3428	75
16.344	75
16.345	80
16.3514	5
16.3567	75
16.3588	75
16.36	75
16.3608	75
16.3717	75
16.3745	75
16.3758	75
16.3768	75
16.3877	75
16.3904	75
16.3918	80
16.3927	75
16.4036	75
16.4063	75
16.4077	75
16.4085	75
16.4153	5
16.4183	75
16.422	75
16.4235	75
16.4245	75
16.4359	75
16.4383	80
16.4395	75
16.4404	75
16.4519	75
16.4543	75
16.4554	75
16.4563	75
16.4661	75
16.4697	75
16.4713	75
16.4722	75
16.482	80
16.4857	75
16.4871	75
16.4881	75
16.4955	75
16.5013	75
16.503	75
16.504	75
16.5111	5
16.5116	75
16.5173	75
16.5189	75
16.52	80
16.5274	75
16.5331	75
16.5348	75
16.5358	75
16.5432	75
16.5489	75
16.5506	75
16.5517	75
16.5591	75
16.5649	75
16.5666	80
16.5676	75
16.5747	5
16.5752	75
16.58	75
16.5825	75
16.5835	75
16.5909	75
16.5966	75
16.5984	75
16.5995	75
16.6092	75
16.6128	80
16.6144	75
16.6153	75
16.6269	75
16.6292	75
16.6304	75
16.6312	75
16.643	75
16.6451	75
16.6463	75
16.6537	75
16.6593	80
16.6611	75
16.6621	75
16.6691	5
16.6696	75
16.6752	75
16.677	75
16.678	75
16.6878	75
16.6914	75
16.693	75
16.694	75
16.7038	80
16.7078	75
16.7089	75
16.7099	75
16.7172	75
16.723	75
16.7248	75
16.7259	75
16.7331	5
16.7336	75
16.7394	75
16.7409	75
16.7419	80
16.7516	75
16.7549	75
16.7567	75
16.7578	75
16.7651	75
16.7701	75
16.7725	75
16.7737	75
16.7811	75
16.7868	75
16.7886	80
16.7896	75
16.801	75
16.8033	75
16.8046	75
16.8054	75
16.8128	75
16.8185	75
16.8203	75
16.8214	75
16.8281	5
16.8311	75
16.8347	80
16.8364	75
16.8373	75
16.849	75
16.8511	75
16.8523	75
16.8532	75
16.8649	75
16.867	75
16.8682	75
16.8756	75
16.881	5
16.8815	80
16.883	75
16.8841	75
16.8849	75
16.8975	75
16.8989	75
16.9	75
16.9076	75
16.9132	75
16.9149	75
16.916	75
16.9234	80
16.9292	75
16.9306	75
16.9318	75
16.939	75
16.9449	75
16.9467	75
16.9478	75
16.9554	75
16.9613	75
16.9627	75
16.9638	80
16.9735	75
16.9768	75
16.9786	75
16.9795	75
16.9866	5
16.9872	75
16.992	75
16.9943	75
16.9955	75
17.003	75
17.0086	75
17.0104	80
17.0115	75
17.0212	75
17.0245	75
17.0264	75
17.0273	75
17.0348	75
17.0387	5
17.0404	75
17.0422	75
17.0433	75
17.0547	75
17.0571	80
17.0583	75
17.0592	75
17.0707	75
17.0731	75
17.0743	75
17.0751	75
17.0869	75
17.089	75
17.0902	75
17.0976	75
17.1033	80
17.105	75
17.1061	75
17.1132	75
17.1191	75
17.1208	75
17.1219	75
17.1316	75
17.1353	75
17.1368	75
17.1378	75
17.1445	5
17.1492	80
17.1517	75
17.1528	75
17.1537	75
17.165	75
17.1675	75
17.1686	75
17.1695	75
17.1804	75
17.1832	75
17.1845	75
17.1854	80
17.1921	5
17.1951	75
17.1984	75
17.2002	75
17.2013	75
17.211	75
17.2144	75
17.2162	75
17.2172	75
17.227	75
17.2303	75
17.2321	80
17.2331	75
17.2445	75
17.2469	75
17.2482	75
17.249	75
17.2588	75
17.2624	75
17.2641	75
17.265	75
17.2747	75
17.2783	80
17.2799	75
17.2809	75
17.2906	75
17.2942	75
17.2959	75
17.2967	75
17.3038	5
17.3043	75
17.3099	75
17.3116	75
17.3127	75
17.3225	80
17.3264	75
17.3277	75
17.3285	75
17.3383	75
17.3423	75
17.3436	75
17.3445	75
17.351	5
17.3563	75
17.3584	75
17.3595	75
17.3605	80
17.3713	75
17.3741	75
17.3754	75
17.3763	75
17.388	75
17.3902	75
17.3914	75
17.3988	75
17.4044	75
17.4062	75
17.4073	80
17.417	75
17.4206	75
17.4222	75
17.4231	75
17.4329	75
17.4365	75
17.4381	75
17.439	75
17.4504	75
17.4527	75
17.454	80
17.4549	75
17.4616	5
17.4662	75
17.4685	75
17.4699	75
17.4708	75
17.4817	75
17.4845	75
17.4858	75
17.4867	75
17.4976	75
17.5004	80
17.5017	75
17.5025	75
17.5093	5
17.5123	75
17.516	75
17.5174	75
17.5184	75
17.5259	75
17.5316	75
17.5334	75
17.5344	75
17.5442	80
17.5477	75
17.5493	75
17.5503	75
17.56	75
17.5636	75
17.5653	75
17.5662	75
17.576	75
17.5796	75
17.5813	75
17.5822	80
17.5919	75
17.5955	75
17.5972	75
17.598	75
17.6054	75
17.6112	75
17.6129	75
17.614	75
17.621	5
17.6216	75
17.6272	75
17.6289	80
17.6299	75
17.6396	75
17.6432	75
17.6447	75
17.6458	75
17.6572	75
17.6595	75
17.6608	75
17.6617	75
17.6682	5
17.6734	75
17.6756	80
17.6767	75
17.6841	75
17.6898	75
17.6916	75
17.6926	75
17.7001	75
17.7057	75
17.7075	75
17.7086	75
17.7183	75
17.722	80
17.7235	75
17.7245	75
17.7342	75
17.7378	75
17.7394	75
17.7404	75
17.7502	75
17.7538	75
17.7553	75
17.7563	75
17.7677	80
17.77	75
17.7713	75
17.7722	75
17.7789	5
17.7819	75
17.7857	75
17.7872	75
17.7882	75
17.7979	75
17.8016	75
17.8031	75
17.8041	80
17.8154	75
17.8178	75
17.819	75
17.8199	75
17.8266	5
17.8313	75
17.8337	75
17.835	75
17.8359	75
17.8476	75
17.8498	75
17.8509	80
17.8583	75
17.8639	75
17.8658	75
17.8668	75
17.8742	75
17.88	75
17.8817	75
17.8827	75
17.8902	75
17.8959	75
17.8976	80
17.8986	75
17.9084	75
17.912	75
17.9135	75
17.9145	75
17.922	75
17.928	75
17.9295	75
17.9304	75
17.9372	5
17.9402	75
17.9439	80
17.9454	75
17.9463	75
17.9537	75
17.9594	75
17.9609	75
17.9621	75
17.9695	75
17.9745	75
17.9768	75
17.978	75
17.9851	5
17.9856	80
17.9911	75
17.9929	75
17.9939	75
18.0013	75
18.007	75
18.0088	75
18.0099	75
18.0196	75
18.0232	75
18.0249	75
18.0258	80
18.0375	75
18.0397	75
18.0408	75
18.0483	75
18.0534	75
18.0556	75
18.0567	75
18.0642	75
18.0699	75
18.0716	75
18.0727	80
18.0802	75
18.086	75
18.0877	75
18.0885	75
18.0953	5
18.0983	75
18.1024	75
18.1035	75
18.1045	75
18.1143	75
18.1179	75
18.1195	80
18.1205	75
18.1302	75
18.1344	75
18.1356	75
18.1365	75
18.1432	5
18.1478	75
18.1501	75
18.1515	75
18.1524	75
18.1633	75
18.1662	80
18.1674	75
18.1683	75
18.178	75
18.182	75
18.1833	75
18.1842	75
18.196	75
18.1981	75
18.1993	75
18.2067	75
18.2124	80
18.2141	75
18.215	75
18.2225	75
18.2275	75
18.2296	75
18.231	75
18.2384	75
18.2442	75
18.2459	75
18.2469	75
18.2537	5
18.2567	80
18.2602	75
18.2618	75
18.2628	75
18.2702	75
18.2759	75
18.2776	75
18.2786	75
18.286	75
18.2918	75
18.2935	75
18.2945	80
18.3017	5
18.3022	75
18.308	75
18.3095	75
18.3105	75
18.3179	75
18.3228	75
18.3252	75
18.3264	75
18.3338	75
18.3395	75
18.3413	80
18.3423	75
18.3537	75
18.3561	75
18.3573	75
18.3582	75
18.3696	75
18.372	75
18.3733	75
18.3742	75
18.3859	75
18.3881	80
18.3892	75
18.3966	75
18.4023	75
18.4041	75
18.405	75
18.4121	5
18.4126	75
18.4182	75
18.42	75
18.421	75
18.4308	75
18.4344	80
18.4359	75
18.4369	75
18.4444	75
18.4497	5
18.4507	75
18.4519	75
18.4529	75
18.4627	75
18.4663	75
18.4679	75
18.4688	75
18.4786	80
18.4822	75
18.4838	75
18.4847	75
18.4921	75
18.4979	75
18.4996	75
18.5006	75
18.5081	75
18.513	75
18.5153	75
18.5166	80
18.524	75
18.5296	75
18.5314	75
18.5325	75
18.5398	75
18.5454	75
18.5472	75
18.5483	75
18.558	75
18.5616	75
18.5632	80
18.5642	75
18.5709	5
18.5739	75
18.5775	75
18.5792	75
18.58	75
18.5897	75
18.5934	75
18.5949	75
18.596	75
18.605	5
18.6077	75
18.6098	80
18.611	75
18.6184	75
18.624	75
18.6259	75
18.6269	75
18.6343	75
18.64	75
18.6418	75
18.6428	75
18.6504	75
18.6559	80
18.6577	75
18.6588	75
18.6662	75
18.6713	75
18.6735	75
18.6746	75
18.6821	75
18.6879	75
18.6896	75
18.6906	75
18.6982	80
18.7041	75
18.7055	75
18.7065	75
18.714	75
18.72	75
18.7215	75
18.7225	75
18.7292	5
18.7322	75
18.7359	75
18.7374	75
18.7384	80
18.7497	75
18.7521	75
18.7533	75
18.7542	75
18.761	5
18.764	75
18.7676	75
18.7692	75
18.7702	75
18.7819	75
18.7841	75
18.7853	80
18.7926	75
18.7983	75
18.8001	75
18.8012	75
18.8085	75
18.8142	75
18.816	75
18.8171	75
18.8247	75
18.8302	75
18.832	80
18.833	75
18.8406	75
18.8462	75
18.848	75
18.849	75
18.8564	75
18.8622	75
18.8638	75
18.8649	75
18.8723	75
18.878	80
18.8797	75
18.8807	75
18.8877	5
18.8882	75
18.8938	75
18.8955	75
18.8965	75
18.904	75
18.9089	75
18.9113	75
18.9123	75
18.9133	80
18.9197	5
18.9248	75
18.9271	75
18.9283	75
18.9357	75
18.9414	75
18.9432	75
18.9443	75
18.954	75
18.9577	75
18.9593	75
18.9602	80
18.9719	75
18.9741	75
18.9752	75
18.9827	75
18.9878	75
18.99	75
18.9912	75
18.9986	75
19.0042	75
19.006	75
19.0071	80
19.0168	75
19.0204	75
19.022	75
19.0229	75
19.0327	75
19.0367	75
19.0379	75
19.0389	75
19.0453	5
19.0498	75
19.0526	75
19.0539	80
19.0548	75
19.0645	75
19.0681	75
19.0697	75
19.0707	75
19.0776	5
19.0805	75
19.0844	75
19.0858	75
19.0867	75
19.0976	75
19.1004	80
19.1016	75
19.1026	75
19.1139	75
19.1162	75
19.1175	75
19.1185	75
19.1299	75
19.1323	75
19.1335	75
19.1344	75
19.1462	80
19.1483	75
19.1493	75
19.1503	75
19.162	75
19.164	75
19.1654	75
19.1662	75
19.1771	75
19.1799	75
19.1812	75
19.1887	80
19.1943	75
19.1961	75
19.1971	75
19.2041	5
19.2046	75
19.2095	75
19.2116	75
19.2129	75
19.2139	75
19.2248	75
19.2261	5
19.2275	75
19.2287	80
19.2297	75
19.2394	75
19.243	75
19.2446	75
19.2456	75
19.2554	75
19.259	75
19.2606	75
19.2616	75
19.2713	75
19.275	80
19.2765	75
19.2774	75
19.2872	75
19.2909	75
19.2924	75
19.2933	75
19.3007	75
19.3065	75
19.3082	75
19.3092	75
19.3167	80
19.3223	75
19.3242	75
19.3251	75
19.3365	75
19.3388	75
19.34	75
19.3409	75
19.3483	75
19.3541	75
19.3558	75
19.3568	80
19.3635	5
19.3665	75
19.3701	75
19.3717	75
19.3726	75
19.3801	75
19.3823	5
19.3857	75
19.3875	75
19.3886	75
19.3984	75
19.402	75
19.4036	80
19.4045	75
19.4154	75
19.4182	75
19.4195	75
19.4204	75
19.4321	75
19.4343	75
19.4355	75
19.4364	75
19.449	75
19.4504	80
19.4515	75
19.4589	75
19.4638	75
19.4662	75
19.4673	75
19.4748	75
19.4804	75
19.4823	75
19.4833	75
19.493	75
19.4967	80
19.4982	75
19.4992	75
19.5089	75
19.5125	75
19.5141	75
19.515	75
19.5218	5
19.5264	75
19.5287	75
19.53	75
19.5309	75
19.5376	5
19.5406	80
19.5443	75
19.5458	75
19.5467	75
19.5565	75
19.5602	75
19.5617	75
19.5627	75
19.5725	75
19.5758	75
19.5776	75
19.5787	80
19.59	75
19.5924	75
19.5937	75
19.5946	75
19.6059	75
19.6083	75
19.6096	75
19.6105	75
19.6222	75
19.6244	75
19.6256	80
19.6329	75
19.6386	75
19.6404	75
19.6414	75
19.6423	75
19.6532	75
19.6559	75
19.6573	75
19.6581	75
19.6698	75
19.672	80
19.6731	75
19.6801	5
19.6806	75
19.6863	75
19.688	75
19.689	75
19.6962	5
19.6967	75
19.7026	75
19.7041	75
19.705	75
19.7148	75
19.7185	80
19.72	75
19.7209	75
19.7283	75
19.7341	75
19.7358	75
19.7368	75
19.7442	75
19.7492	75
19.7516	75
19.7528	75
19.7602	80
19.7658	75
19.7676	75
19.7687	75
19.776	75
19.7818	75
19.7835	75
19.7846	75
19.792	75
19.797	75
19.7995	75
19.8005	80
19.8079	75
19.8135	75
19.8154	75
19.8163	75
19.8237	75
19.8294	75
19.8312	75
19.8322	75
19.839	5
19.842	75
19.8446	5
19.8456	75
19.8473	80
19.8481	75
19.8596	75
19.862	75
19.8632	75
19.864	75
19.8758	75
19.8779	75
19.8791	75
19.8865	75
19.8922	75
19.894	80
19.895	75
19.9026	75
19.9084	75
19.91	75
19.911	75
19.9185	75
19.9241	75
19.9259	75
19.927	75
19.9345	75
19.9401	80
19.9418	75
19.9429	75
19.9501	75
19.9559	75
19.9577	75
19.9588	75
19.9664	75
19.9723	75
19.9737	75
19.9747	75
19.9821	80
19.987	75
19.9893	75
19.9905	75
19.9976	5
19.9981	75
20.0002	5
20.003	75
20.0053	75
20.0065	75
20.014	75
20.0196	75
20.0214	75
20.0225	80
20.0322	75
20.0358	75
20.0374	75
20.0384	75
20.0481	75
20.0521	75
20.0534	75
20.0543	75
20.066	75
20.0681	75
20.0693	80
20.0767	75
20.0824	75
20.0842	75
20.0853	75
20.0926	75
20.0983	75
